test	all_dups	dups_unique_path	duped_path
Ctp-1	7	6	8

nodeid	dup_percent
3	0.1429
11	0.1429
18	0.0714
19	0.1429
28	0.8571
35	0.1429
36	0.2857
37	0.2857

nodeid	dup_count
3	2
11	2
18	1
19	2
28	12
35	2
36	4
37	4

hop	node_count	nodeids
1	6	[24, 25, 27, 28, 33, 35]
2	11	[1, 5, 11, 13, 19, 26, 30, 32, 34, 36, 37]
3	15	[1, 2, 3, 4, 6, 7, 12, 14, 15, 17, 18, 19, 20, 22, 99]
4	5	[3, 4, 6, 8, 10]

nodeid	fwd_count	percent
1	170	0.0382
2	59	0.0132
3	60	0.0135
4	58	0.0130
5	301	0.0676
6	56	0.0126
7	62	0.0139
8	60	0.0135
10	56	0.0126
11	414	0.0930
12	58	0.0130
13	282	0.0633
14	59	0.0132
15	120	0.0269
17	59	0.0132
18	86	0.0193
19	56	0.0126
20	56	0.0126
22	60	0.0135
24	61	0.0137
25	61	0.0137
26	59	0.0132
27	182	0.0409
28	356	0.0799
30	61	0.0137
32	59	0.0132
33	120	0.0269
34	60	0.0135
35	1067	0.2396
36	121	0.0272
37	113	0.0254

nodeid	dup_fwd_ratio	fwd_count	dup_count
1	0	0	170
2	0	0	59
3	0.0333	2	60
4	0	0	58
5	0	0	301
6	0	0	56
7	0	0	62
8	0	0	60
10	0	0	56
11	0.0048	2	414
12	0	0	58
13	0	0	282
14	0	0	59
15	0	0	120
17	0	0	59
18	0.0116	1	86
19	0.0357	2	56
20	0	0	56
22	0	0	60
24	0	0	61
25	0	0	61
26	0	0	59
27	0	0	182
28	0.0337	12	356
30	0	0	61
32	0	0	59
33	0	0	120
34	0	0	60
35	0.0019	2	1067
36	0.0331	4	121
37	0.0354	4	113

