Src, Seqno, Hop, [path]		# SINK_ID=31
[1, 3, 3, [1, 11, 37, 31]]
[1, 3, 3, [1, 11, 37, 31]]
[7, 4, 3, [7, 18, 37, 31]]
[7, 4, 3, [7, 18, 37, 31]]
[5, 4, 2, [5, 37, 31]]
[5, 4, 2, [5, 37, 31]]
[22, 5, 3, [22, 17, 37, 31]]
[22, 5, 3, [22, 17, 37, 31]]
[11, 5, 2, [11, 37, 31]]
[11, 5, 2, [11, 37, 31]]
[37, 5, 1, [37, 31]]
[37, 5, 1, [37, 31]]
[11, 7, 2, [11, 37, 31]]
[11, 7, 2, [11, 37, 31]]
[2, 7, 3, [2, 19, 37, 31]]
[2, 7, 3, [2, 19, 37, 31]]
[28, 8, 1, [28, 31]]
[28, 8, 1, [28, 31]]
[8, 9, 3, [8, 14, 37, 31]]
[8, 9, 3, [8, 14, 37, 31]]
[17, 13, 2, [17, 37, 31]]
[17, 13, 2, [17, 37, 31]]
[9, 14, 3, [9, 11, 37, 31]]
[9, 14, 3, [9, 11, 37, 31]]
[13, 15, 2, [13, 37, 31]]
[13, 15, 2, [13, 37, 31]]
[19, 16, 2, [19, 37, 31]]
[19, 16, 2, [19, 37, 31]]
[3, 16, 2, [3, 37, 31]]
[3, 16, 2, [3, 37, 31]]
[3, 18, 2, [3, 37, 31]]
[3, 18, 2, [3, 37, 31]]
[37, 19, 1, [37, 31]]
[37, 19, 1, [37, 31]]
[3, 25, 2, [3, 37, 31]]
[3, 25, 2, [3, 37, 31]]
[8, 25, 3, [8, 14, 37, 31]]
[8, 25, 3, [8, 14, 37, 31]]
[37, 29, 1, [37, 31]]
[37, 29, 1, [37, 31]]
[37, 30, 1, [37, 31]]
[37, 30, 1, [37, 31]]
[13, 30, 2, [13, 37, 31]]
[13, 30, 2, [13, 37, 31]]
[7, 30, 3, [7, 18, 33, 31]]
[7, 30, 3, [7, 14, 37, 31]]
[37, 32, 1, [37, 31]]
[37, 32, 1, [37, 31]]
[18, 34, 2, [18, 37, 31]]
[18, 34, 2, [18, 37, 31]]
[13, 35, 2, [13, 37, 31]]
[13, 35, 2, [13, 37, 31]]
[14, 37, 2, [14, 37, 31]]
[14, 37, 2, [14, 37, 31]]
[37, 38, 1, [37, 31]]
[37, 38, 1, [37, 31]]
[2, 42, 3, [2, 17, 37, 31]]
[2, 42, 3, [2, 17, 37, 31]]
[17, 44, 2, [17, 37, 31]]
[17, 44, 2, [17, 37, 31]]
[9, 44, 3, [9, 11, 37, 31]]
[9, 44, 3, [9, 11, 37, 31]]
[9, 44, 3, [9, 11, 37, 31]]
[5, 44, 2, [5, 37, 31]]
[5, 44, 2, [5, 37, 31]]
[5, 45, 2, [5, 37, 31]]
[5, 45, 2, [5, 37, 31]]
[14, 46, 2, [14, 37, 31]]
[14, 46, 2, [14, 37, 31]]
[15, 49, 3, [15, 3, 37, 31]]
[15, 49, 3, [15, 3, 37, 31]]
[17, 49, 2, [17, 37, 31]]
[17, 49, 2, [17, 37, 31]]
[20, 51, 3, [20, 3, 37, 31]]
[20, 51, 3, [20, 3, 37, 31]]
[15, 52, 3, [15, 3, 37, 31]]
[15, 52, 3, [15, 3, 37, 31]]
[30, 53, 2, [30, 37, 31]]
[30, 53, 2, [30, 37, 31]]
[2, 55, 3, [2, 19, 37, 31]]
[2, 55, 3, [2, 19, 37, 31]]
[11, 56, 2, [11, 37, 31]]
[11, 56, 2, [11, 37, 31]]
[3, 56, 2, [3, 37, 31]]
[3, 56, 2, [3, 37, 31]]
[3, 56, 2, [3, 37, 31]]
[37, 56, 1, [37, 31]]
[37, 56, 1, [37, 31]]
[14, 57, 2, [14, 37, 31]]
[14, 57, 2, [14, 37, 31]]
[14, 57, 2, [14, 37, 31]]
[17, 57, 2, [17, 37, 31]]
[17, 57, 2, [17, 37, 31]]
