test	all_dups	dups_same_path	dups_diff_path
Rctp-1	48	48	45

nodeid	dup_count
1	0.0215
2	0.0645
3	0.1613
5	0.0645
7	0.0430
8	0.0430
9	0.0538
11	0.1398
13	0.0645
14	0.1290
15	0.0430
17	0.1290
18	0.0538
19	0.0645
20	0.0215
22	0.0215
28	0.0215
30	0.0215
33	0.0108
37	0.9677

hop	node_count	nodeids
1	9	[24, 25, 27, 28, 32, 33, 34, 35, 37]
2	11	[3, 5, 11, 13, 14, 17, 18, 19, 26, 30, 36]
3	13	[1, 2, 3, 4, 6, 7, 8, 9, 10, 12, 15, 20, 22]

nodeid	fwd_count	percent
1	56	0.0150
2	52	0.0140
3	107	0.0287
4	53	0.0142
5	103	0.0277
6	55	0.0148
7	55	0.0148
8	52	0.0140
9	56	0.0150
10	54	0.0145
11	184	0.0494
12	52	0.0140
13	158	0.0424
14	191	0.0513
15	59	0.0158
17	100	0.0269
18	174	0.0467
19	83	0.0223
20	53	0.0142
22	52	0.0140
24	56	0.0150
25	96	0.0258
26	76	0.0204
27	77	0.0207
28	101	0.0271
30	57	0.0153
32	57	0.0153
33	213	0.0572
34	54	0.0145
35	387	0.1039
36	55	0.0148
37	745	0.2001

nodeid	dup_fwd_ratio	fwd_count	dup_count
1	0.0357	2	56
2	0.1154	6	52
3	0.1402	15	107
4	0	0	53
5	0.0583	6	103
6	0	0	55
7	0.0727	4	55
8	0.0769	4	52
9	0.0893	5	56
10	0	0	54
11	0.0707	13	184
12	0	0	52
13	0.0380	6	158
14	0.0628	12	191
15	0.0678	4	59
17	0.1200	12	100
18	0.0287	5	174
19	0.0723	6	83
20	0.0377	2	53
22	0.0385	2	52
24	0	0	56
25	0	0	96
26	0	0	76
27	0	0	77
28	0.0198	2	101
30	0.0351	2	57
32	0	0	57
33	0.0047	1	213
34	0	0	54
35	0	0	387
36	0	0	55
37	0.1208	90	745

