test	all_dups	dups_same_path	dups_diff_path
Orw-1	5	0	10

nodeid	dup_count
1	0.3000
3	0.3000
4	0.2000
5	0.4000
6	0.2000
7	0.3000
8	0.1000
9	0.2000
10	0.3000
11	0.5000
12	0.4000
13	0.1000
14	0.3000
18	0.3000
20	0.2000
33	0.1000
35	0.5000
37	0.4000

hop	node_count	nodeids
1	9	[24, 25, 27, 28, 32, 33, 34, 35, 37]
2	12	[1, 3, 5, 11, 13, 14, 17, 18, 19, 26, 30, 36]
3	23	[1, 2, 3, 4, 5, 6, 7, 8, 9, 10, 11, 12, 13, 14, 15, 17, 18, 19, 20, 22, 26, 30, 36]
4	23	[1, 2, 3, 4, 5, 6, 7, 8, 9, 10, 11, 12, 13, 14, 15, 17, 18, 19, 20, 22, 26, 30, 36]
5	21	[1, 2, 3, 4, 5, 6, 7, 8, 9, 10, 11, 12, 13, 14, 15, 17, 18, 19, 20, 22, 26]
6	21	[1, 2, 3, 4, 5, 6, 7, 8, 9, 10, 11, 12, 13, 14, 15, 17, 18, 19, 20, 22, 26]
7	12	[1, 2, 4, 6, 8, 10, 12, 15, 18, 19, 20, 22]
8	7	[3, 4, 6, 9, 11, 12, 15]
11	1	[15]

nodeid	fwd_count	percent
1	296	0.0205
2	221	0.0153
3	392	0.0272
4	237	0.0164
5	786	0.0546
6	203	0.0141
7	246	0.0171
8	209	0.0145
9	276	0.0192
10	258	0.0179
11	558	0.0387
12	201	0.0140
13	481	0.0334
14	1080	0.0750
15	219	0.0152
17	252	0.0175
18	1045	0.0725
19	302	0.0210
20	264	0.0183
22	200	0.0139
24	178	0.0124
25	378	0.0262
26	379	0.0263
27	223	0.0155
28	342	0.0237
30	187	0.0130
32	178	0.0124
33	817	0.0567
34	177	0.0123
35	1251	0.0868
36	653	0.0453
37	1919	0.1332

nodeid	dup_fwd_ratio	fwd_count	dup_count
1	0.0101	3	296
2	0	0	221
3	0.0077	3	392
4	0.0084	2	237
5	0.0051	4	786
6	0.0099	2	203
7	0.0122	3	246
8	0.0048	1	209
9	0.0072	2	276
10	0.0116	3	258
11	0.0090	5	558
12	0.0199	4	201
13	0.0021	1	481
14	0.0028	3	1080
15	0	0	219
17	0	0	252
18	0.0029	3	1045
19	0	0	302
20	0.0076	2	264
22	0	0	200
24	0	0	178
25	0	0	378
26	0	0	379
27	0	0	223
28	0	0	342
30	0	0	187
32	0	0	178
33	0.0012	1	817
34	0	0	177
35	0.0040	5	1251
36	0	0	653
37	0.0021	4	1919

