test	all_dups	dups_same_path	dups_diff_path
Orw-LPL10241	1	0	2

nodeid	dup_count
1	0.5000
3	0.5000
6	0.5000
7	0.5000
9	0.5000
11	1.0000
14	0.5000
18	0.5000
20	0.5000
28	0.5000
35	0.5000
37	0.5000

hop	node_count	nodeids
1	10	[14, 24, 25, 27, 28, 32, 33, 34, 35, 37]
2	12	[3, 5, 11, 13, 14, 17, 18, 19, 26, 30, 36, 37]
3	23	[1, 2, 3, 4, 5, 6, 7, 8, 9, 10, 11, 12, 13, 14, 15, 17, 18, 19, 20, 22, 26, 30, 36]
4	22	[1, 2, 3, 4, 5, 6, 7, 8, 9, 10, 11, 12, 13, 14, 15, 17, 18, 19, 20, 22, 26, 36]
5	19	[1, 2, 3, 4, 6, 7, 8, 9, 10, 11, 12, 13, 14, 15, 17, 18, 19, 20, 22]
6	14	[3, 4, 6, 8, 9, 10, 11, 12, 13, 15, 18, 19, 20, 22]
7	2	[4, 6]
8	5	[2, 5, 7, 10, 20]
10	1	[11]

nodeid	fwd_count	percent
1	75	0.0202
2	53	0.0142
3	108	0.0290
4	61	0.0164
5	185	0.0497
6	62	0.0167
7	62	0.0167
8	50	0.0134
9	60	0.0161
10	60	0.0161
11	141	0.0379
12	62	0.0167
13	119	0.0320
14	230	0.0618
15	58	0.0156
17	53	0.0142
18	325	0.0874
19	88	0.0237
20	72	0.0194
22	51	0.0137
24	46	0.0124
25	111	0.0298
26	97	0.0261
27	60	0.0161
28	89	0.0239
30	48	0.0129
32	46	0.0124
33	229	0.0616
34	46	0.0124
35	352	0.0946
36	149	0.0401
37	472	0.1269

nodeid	dup_fwd_ratio	fwd_count	dup_count
1	0.0133	1	75
2	0	0	53
3	0.0093	1	108
4	0	0	61
5	0	0	185
6	0.0161	1	62
7	0.0161	1	62
8	0	0	50
9	0.0167	1	60
10	0	0	60
11	0.0142	2	141
12	0	0	62
13	0	0	119
14	0.0043	1	230
15	0	0	58
17	0	0	53
18	0.0031	1	325
19	0	0	88
20	0.0139	1	72
22	0	0	51
24	0	0	46
25	0	0	111
26	0	0	97
27	0	0	60
28	0.0112	1	89
30	0	0	48
32	0	0	46
33	0	0	229
34	0	0	46
35	0.0028	1	352
36	0	0	149
37	0.0021	1	472

