cycle	cycle_prr	duplicates	loop_count	hop_avg	std	loopy_hop_avg	std	link_usage	err_count
1	0.9375	0	0	2.9333	1.6316	nan	nan	88	0
2	0.9688	0	0	2.5161	1.1323	nan	nan	78	0
3	0.8750	0	0	2.3929	1.1445	nan	nan	67	0
4	1.0000	0	1	2.5938	1.3430	6.0000	0.0000	83	0
5	1.0000	0	1	2.6875	1.2359	4.0000	0.0000	86	0
6	0.9688	0	0	2.6129	1.2618	nan	nan	81	0
7	0.9688	0	0	2.7419	1.5233	nan	nan	85	0
8	0.9688	0	0	2.8387	1.5678	nan	nan	88	0
9	0.9375	0	1	2.9000	1.5351	4.0000	0.0000	87	0
10	0.9688	0	2	2.9032	1.4669	5.0000	0.0000	90	0
11	0.9375	0	0	2.7000	1.2949	nan	nan	81	0
12	0.9688	0	0	2.5806	1.1852	nan	nan	80	0
13	1.0000	0	0	2.3125	1.0136	nan	nan	74	0
14	1.0000	0	0	2.5000	1.1456	nan	nan	80	0
15	0.9062	0	0	2.5517	1.3022	nan	nan	74	0
16	0.9688	0	0	2.6452	1.2839	nan	nan	82	0
17	0.9375	0	0	2.7000	1.3204	nan	nan	81	0
18	0.9375	0	0	2.5000	1.2315	nan	nan	75	0
19	0.9688	0	0	2.8710	1.5604	nan	nan	89	0
20	1.0000	0	0	2.6562	1.3372	nan	nan	85	0
21	1.0000	0	0	2.4375	1.1163	nan	nan	78	0
22	0.9688	2	2	3.0312	2.0989	6.0000	0.0000	97	0
23	0.9688	0	0	2.6452	1.2061	nan	nan	82	0
24	0.9375	0	0	2.7333	1.3149	nan	nan	82	0
25	0.9062	0	0	2.4483	1.2201	nan	nan	71	0
26	0.9375	0	0	2.7000	1.3699	nan	nan	81	0
27	0.9062	0	0	2.5517	1.2754	nan	nan	74	0
28	0.9375	0	0	2.6000	1.4514	nan	nan	78	0
29	0.9688	0	0	2.7097	1.2749	nan	nan	84	0
30	0.9062	0	1	2.5172	1.4293	6.0000	0.0000	73	0
31	0.9688	0	2	3.3871	2.1654	7.0000	1.0000	105	0
32	0.9375	0	0	2.3667	1.1686	nan	nan	71	0
33	0.9375	0	0	2.8333	1.5934	nan	nan	85	0
34	0.9375	0	0	2.6333	1.3780	nan	nan	79	0
35	0.9062	0	0	2.5517	1.3022	nan	nan	74	0
36	0.9688	0	0	2.6774	1.3048	nan	nan	83	0
37	1.0000	0	0	2.4375	1.1439	nan	nan	78	0
38	0.9375	0	0	2.5000	1.3102	nan	nan	75	0
39	0.9688	0	0	2.5484	1.2911	nan	nan	79	0
40	0.9688	0	0	2.4516	1.1870	nan	nan	76	0
41	0.9688	0	0	2.7742	1.5598	nan	nan	86	0
42	0.9375	0	0	2.6000	1.4048	nan	nan	78	0
43	0.9688	0	0	2.5484	1.1870	nan	nan	79	0
44	0.9375	0	1	2.7000	1.3940	4.0000	0.0000	81	0
45	0.9688	0	0	2.5806	1.2895	nan	nan	80	0
46	0.9062	0	0	2.8621	1.6552	nan	nan	83	0
47	0.9375	0	1	2.7333	1.5041	5.0000	0.0000	82	0

nodeid	prr	seq_list
1 0.872340425532	[2, 3, 4, 5, 6, 7, 8, 9, 10, 12, 13, 14, 15, 17, 18, 21, 22, 23, 24, 25, 26, 27, 29, 30, 31, 32, 33, 34, 35, 36, 37, 38, 39, 40, 41, 42, 43, 44, 46, 47, 48]
2 0.936170212766	[2, 3, 4, 5, 6, 7, 9, 10, 11, 12, 13, 14, 15, 16, 17, 19, 20, 21, 22, 23, 24, 25, 26, 27, 28, 29, 30, 31, 32, 33, 34, 35, 37, 38, 39, 40, 41, 42, 43, 44, 45, 46, 47, 48]
3 0.893617021277	[2, 3, 4, 5, 6, 7, 8, 10, 11, 12, 13, 14, 15, 16, 17, 18, 19, 20, 21, 22, 23, 24, 25, 28, 30, 32, 33, 34, 35, 36, 37, 38, 39, 40, 41, 42, 43, 44, 45, 46, 47, 48]
4 0.957446808511	[2, 3, 4, 5, 6, 7, 8, 9, 10, 11, 12, 13, 14, 15, 16, 17, 18, 19, 20, 21, 22, 23, 24, 25, 26, 27, 28, 29, 30, 31, 32, 34, 35, 36, 37, 38, 40, 41, 42, 43, 44, 45, 46, 47, 48]
5 0.978723404255	[2, 3, 5, 6, 7, 8, 9, 10, 11, 12, 13, 14, 15, 16, 17, 18, 19, 20, 21, 22, 23, 24, 25, 26, 27, 28, 29, 30, 31, 32, 33, 34, 35, 36, 37, 38, 39, 40, 41, 42, 43, 44, 45, 46, 47, 48]
6 0.936170212766	[2, 3, 5, 6, 7, 8, 9, 10, 11, 12, 13, 14, 15, 16, 17, 18, 19, 20, 21, 22, 23, 24, 25, 26, 28, 29, 30, 31, 32, 33, 34, 35, 36, 37, 38, 39, 40, 41, 42, 43, 44, 45, 46, 48]
7 0.95652173913	[2, 3, 4, 5, 6, 7, 8, 9, 10, 11, 13, 14, 15, 16, 17, 18, 19, 20, 21, 22, 23, 24, 25, 27, 28, 29, 30, 31, 32, 33, 34, 35, 36, 37, 38, 39, 40, 41, 42, 43, 44, 45, 46, 47]
8 0.893617021277	[2, 3, 4, 5, 6, 8, 9, 10, 11, 12, 13, 14, 15, 16, 17, 18, 19, 20, 21, 22, 23, 24, 25, 26, 27, 29, 30, 31, 32, 33, 34, 35, 37, 38, 39, 40, 41, 42, 44, 45, 46, 48]
9 0.893617021277	[2, 3, 5, 6, 7, 8, 9, 10, 11, 12, 13, 14, 15, 16, 17, 18, 19, 20, 21, 22, 23, 24, 25, 26, 27, 28, 30, 31, 33, 34, 35, 36, 37, 38, 39, 41, 42, 43, 44, 46, 47, 48]
10 0.936170212766	[2, 3, 4, 5, 6, 7, 8, 9, 10, 11, 12, 14, 15, 16, 17, 18, 19, 20, 21, 22, 23, 24, 25, 26, 27, 28, 29, 30, 31, 32, 33, 35, 36, 37, 38, 39, 40, 41, 42, 43, 44, 45, 47, 48]
11 0.978723404255	[2, 3, 4, 5, 6, 7, 8, 9, 10, 11, 12, 13, 14, 15, 16, 17, 18, 19, 20, 21, 22, 23, 25, 26, 27, 28, 29, 30, 31, 32, 33, 34, 35, 36, 37, 38, 39, 40, 41, 42, 43, 44, 45, 46, 47, 48]
12 0.914893617021	[2, 3, 4, 5, 6, 7, 8, 9, 11, 13, 14, 15, 16, 17, 18, 19, 20, 21, 22, 23, 24, 25, 26, 27, 28, 29, 30, 32, 33, 34, 35, 36, 37, 38, 39, 40, 41, 42, 44, 45, 46, 47, 48]
13 0.978723404255	[2, 3, 5, 6, 7, 8, 9, 10, 11, 12, 13, 14, 15, 16, 17, 18, 19, 20, 21, 22, 23, 24, 25, 26, 27, 28, 29, 30, 31, 32, 33, 34, 35, 36, 37, 38, 39, 40, 41, 42, 43, 44, 45, 46, 47, 48]
14 0.978260869565	[3, 4, 5, 6, 7, 8, 9, 10, 11, 12, 13, 14, 15, 16, 17, 18, 19, 20, 21, 22, 23, 24, 26, 27, 28, 29, 30, 31, 32, 33, 34, 35, 36, 37, 38, 39, 40, 41, 42, 43, 44, 45, 46, 47, 48]
15 0.914893617021	[2, 3, 4, 5, 6, 7, 8, 9, 10, 11, 12, 13, 14, 15, 17, 18, 19, 20, 21, 22, 23, 24, 25, 26, 27, 28, 29, 30, 31, 32, 33, 34, 35, 37, 38, 39, 40, 41, 43, 45, 46, 47, 48]
17 0.913043478261	[2, 4, 5, 6, 7, 8, 9, 10, 11, 12, 13, 14, 15, 17, 18, 19, 20, 21, 22, 23, 24, 25, 26, 27, 28, 29, 30, 31, 32, 33, 34, 36, 37, 38, 39, 40, 42, 43, 44, 45, 46, 47]
18 0.957446808511	[2, 3, 4, 5, 6, 7, 8, 9, 10, 11, 12, 13, 14, 15, 16, 17, 18, 19, 20, 21, 22, 23, 24, 25, 26, 27, 28, 29, 30, 31, 32, 33, 34, 36, 38, 39, 40, 41, 42, 43, 44, 45, 46, 47, 48]
19 1.0	[2, 3, 4, 5, 6, 7, 8, 9, 10, 11, 12, 13, 14, 15, 16, 17, 18, 19, 20, 21, 22, 23, 24, 25, 26, 27, 28, 29, 30, 31, 32, 33, 34, 35, 36, 37, 38, 39, 40, 41, 42, 43, 44, 45, 46, 47, 48]
20 0.934782608696	[3, 4, 5, 6, 7, 8, 9, 10, 11, 12, 13, 14, 15, 16, 17, 18, 19, 20, 21, 22, 23, 24, 27, 28, 29, 31, 32, 33, 34, 35, 36, 37, 38, 39, 40, 41, 42, 43, 44, 45, 46, 47, 48]
22 0.936170212766	[2, 3, 4, 5, 6, 7, 8, 9, 10, 11, 12, 13, 14, 15, 16, 17, 18, 20, 21, 22, 24, 25, 26, 27, 28, 29, 30, 31, 32, 34, 35, 36, 37, 38, 39, 40, 41, 42, 43, 44, 45, 46, 47, 48]
24 1.0	[2, 3, 4, 5, 6, 7, 8, 9, 10, 11, 12, 13, 14, 15, 16, 17, 18, 19, 20, 21, 22, 23, 24, 25, 26, 27, 28, 29, 30, 31, 32, 33, 34, 35, 36, 37, 38, 39, 40, 41, 42, 43, 44, 45, 46, 47, 48]
25 1.0	[2, 3, 4, 5, 6, 7, 8, 9, 10, 11, 12, 13, 14, 15, 16, 17, 18, 19, 20, 21, 22, 23, 24, 25, 26, 27, 28, 29, 30, 31, 32, 33, 34, 35, 36, 37, 38, 39, 40, 41, 42, 43, 44, 45, 46, 47, 48]
26 0.872340425532	[2, 3, 4, 5, 6, 7, 8, 9, 11, 12, 13, 14, 15, 16, 18, 19, 20, 21, 22, 23, 24, 25, 26, 27, 29, 30, 32, 33, 35, 36, 37, 38, 40, 41, 42, 43, 44, 45, 46, 47, 48]
27 1.0	[2, 3, 4, 5, 6, 7, 8, 9, 10, 11, 12, 13, 14, 15, 16, 17, 18, 19, 20, 21, 22, 23, 24, 25, 26, 27, 28, 29, 30, 31, 32, 33, 34, 35, 36, 37, 38, 39, 40, 41, 42, 43, 44, 45, 46, 47, 48]
28 1.0	[2, 3, 4, 5, 6, 7, 8, 9, 10, 11, 12, 13, 14, 15, 16, 17, 18, 19, 20, 21, 22, 23, 24, 25, 26, 27, 28, 29, 30, 31, 32, 33, 34, 35, 36, 37, 38, 39, 40, 41, 42, 43, 44, 45, 46, 47, 48]
30 1.0	[2, 3, 4, 5, 6, 7, 8, 9, 10, 11, 12, 13, 14, 15, 16, 17, 18, 19, 20, 21, 22, 23, 24, 25, 26, 27, 28, 29, 30, 31, 32, 33, 34, 35, 36, 37, 38, 39, 40, 41, 42, 43, 44, 45, 46, 47, 48]
32 1.0	[2, 3, 4, 5, 6, 7, 8, 9, 10, 11, 12, 13, 14, 15, 16, 17, 18, 19, 20, 21, 22, 23, 24, 25, 26, 27, 28, 29, 30, 31, 32, 33, 34, 35, 36, 37, 38, 39, 40, 41, 42, 43, 44, 45, 46, 47, 48]
33 1.0	[2, 3, 4, 5, 6, 7, 8, 9, 10, 11, 12, 13, 14, 15, 16, 17, 18, 19, 20, 21, 22, 23, 24, 25, 26, 27, 28, 29, 30, 31, 32, 33, 34, 35, 36, 37, 38, 39, 40, 41, 42, 43, 44, 45, 46, 47, 48]
34 1.0	[2, 3, 4, 5, 6, 7, 8, 9, 10, 11, 12, 13, 14, 15, 16, 17, 18, 19, 20, 21, 22, 23, 24, 25, 26, 27, 28, 29, 30, 31, 32, 33, 34, 35, 36, 37, 38, 39, 40, 41, 42, 43, 44, 45, 46, 47, 48]
35 1.0	[2, 3, 4, 5, 6, 7, 8, 9, 10, 11, 12, 13, 14, 15, 16, 17, 18, 19, 20, 21, 22, 23, 24, 25, 26, 27, 28, 29, 30, 31, 32, 33, 34, 35, 36, 37, 38, 39, 40, 41, 42, 43, 44, 45, 46, 47, 48]
36 0.957446808511	[2, 3, 4, 5, 6, 7, 8, 9, 10, 11, 12, 13, 14, 15, 16, 17, 19, 20, 21, 22, 23, 24, 25, 26, 27, 28, 29, 30, 31, 32, 33, 34, 35, 36, 37, 38, 39, 40, 41, 42, 43, 44, 45, 46, 48]
37 1.0	[2, 3, 4, 5, 6, 7, 8, 9, 10, 11, 12, 13, 14, 15, 16, 17, 18, 19, 20, 21, 22, 23, 24, 25, 26, 27, 28, 29, 30, 31, 32, 33, 34, 35, 36, 37, 38, 39, 40, 41, 42, 43, 44, 45, 46, 47, 48]
0.955972479186