test	all_dups	dups_unique_path	duped_path
Orw-1	0	0	0

nodeid	dup_percent

nodeid	dup_count

hop	node_count	nodeids
1	8	[24, 25, 27, 28, 32, 33, 34, 35]
2	12	[1, 5, 11, 13, 14, 18, 19, 26, 28, 30, 36, 37]
3	23	[1, 2, 3, 4, 5, 6, 7, 8, 10, 11, 12, 13, 14, 15, 17, 18, 19, 20, 22, 26, 30, 36, 37]
4	21	[1, 2, 3, 4, 5, 6, 7, 8, 10, 11, 12, 13, 14, 15, 17, 18, 19, 20, 22, 26, 30]
5	18	[1, 2, 3, 4, 6, 7, 8, 10, 11, 12, 13, 14, 15, 17, 18, 19, 20, 22]
6	13	[1, 3, 4, 7, 8, 10, 11, 12, 14, 15, 20, 22, 26]
7	4	[1, 4, 6, 20]
8	3	[10, 15, 20]

nodeid	fwd_count	percent
1	94	0.0195
2	73	0.0152
3	104	0.0216
4	59	0.0123
5	238	0.0495
6	80	0.0166
7	77	0.0160
8	72	0.0150
10	68	0.0141
11	155	0.0322
12	62	0.0129
13	142	0.0295
14	359	0.0747
15	74	0.0154
17	78	0.0162
18	279	0.0580
19	81	0.0168
20	73	0.0152
22	77	0.0160
24	68	0.0141
25	186	0.0387
26	90	0.0187
27	115	0.0239
28	154	0.0320
30	59	0.0123
32	61	0.0127
33	415	0.0863
34	61	0.0127
35	760	0.1580
36	181	0.0376
37	414	0.0861

nodeid	dup_fwd_ratio	fwd_count	dup_count
1	0	0	94
2	0	0	73
3	0	0	104
4	0	0	59
5	0	0	238
6	0	0	80
7	0	0	77
8	0	0	72
10	0	0	68
11	0	0	155
12	0	0	62
13	0	0	142
14	0	0	359
15	0	0	74
17	0	0	78
18	0	0	279
19	0	0	81
20	0	0	73
22	0	0	77
24	0	0	68
25	0	0	186
26	0	0	90
27	0	0	115
28	0	0	154
30	0	0	59
32	0	0	61
33	0	0	415
34	0	0	61
35	0	0	760
36	0	0	181
37	0	0	414

