Src, Seqno, Hop, [path]		# SINK_ID=31
[18, 2, 3, [18, 13, 35, 31]]
[18, 2, 3, [18, 13, 35, 31]]
[18, 2, 3, [18, 13, 35, 31]]
[4, 2, 3, [4, 13, 35, 31]]
[4, 2, 3, [4, 13, 35, 31]]
[28, 2, 1, [28, 31]]
[28, 2, 1, [28, 31]]
[19, 2, 2, [19, 35, 31]]
[19, 2, 2, [19, 35, 31]]
[1, 2, 3, [1, 13, 35, 31]]
[1, 2, 3, [1, 13, 35, 31]]
[5, 2, 2, [5, 35, 31]]
[5, 2, 2, [5, 35, 31]]
[5, 2, 2, [5, 35, 31]]
[13, 3, 2, [13, 35, 31]]
[13, 3, 2, [13, 35, 31]]
[32, 3, 1, [32, 31]]
[32, 3, 1, [32, 31]]
[14, 3, 3, [14, 13, 35, 31]]
[14, 3, 3, [14, 13, 35, 31]]
[6, 3, 3, [6, 13, 35, 31]]
[6, 3, 3, [6, 13, 35, 31]]
[6, 3, 3, [6, 13, 35, 31]]
[6, 3, 3, [6, 13, 35, 31]]
[36, 3, 2, [36, 28, 31]]
[6, 3, 3, [6, 13, 35, 31]]
[36, 3, 2, [36, 28, 31]]
[26, 4, 2, [26, 25, 31]]
[26, 4, 2, [26, 25, 31]]
[26, 4, 2, [26, 25, 31]]
[26, 4, 2, [26, 25, 31]]
[32, 8, 1, [32, 31]]
[32, 8, 1, [32, 31]]
[32, 10, 1, [32, 31]]
[32, 10, 1, [32, 31]]
[17, 17, 4, [17, 36, 28, 27, 31]]
[17, 17, 4, [17, 36, 28, 27, 31]]
[32, 34, 1, [32, 31]]
[32, 34, 1, [32, 31]]
[26, 39, 3, [26, 35, 27, 31]]
[26, 39, 3, [26, 35, 27, 31]]
[32, 41, 1, [32, 31]]
[32, 41, 1, [32, 31]]
[32, 47, 1, [32, 31]]
[32, 47, 1, [32, 31]]
[32, 48, 1, [32, 31]]
[32, 48, 1, [32, 31]]
[32, 48, 1, [32, 31]]
[32, 50, 1, [32, 31]]
[32, 50, 1, [32, 31]]
[2, 53, 5, [2, 19, 36, 28, 27, 31]]
[2, 53, 5, [2, 19, 36, 28, 27, 31]]
[26, 54, 3, [26, 35, 27, 31]]
[26, 54, 3, [26, 35, 27, 31]]
[32, 64, 1, [32, 31]]
[32, 64, 1, [32, 31]]
[32, 67, 1, [32, 31]]
[32, 67, 1, [32, 31]]
[32, 73, 1, [32, 31]]
[32, 73, 1, [32, 31]]
[32, 78, 1, [32, 31]]
[32, 78, 1, [32, 31]]
[32, 83, 1, [32, 31]]
[32, 83, 1, [32, 31]]
[26, 92, 3, [26, 35, 27, 31]]
[26, 92, 3, [26, 35, 27, 31]]
[32, 94, 1, [32, 31]]
[32, 94, 1, [32, 31]]
[32, 103, 1, [32, 31]]
[32, 103, 1, [32, 31]]
[32, 111, 1, [32, 31]]
[32, 111, 1, [32, 31]]
[32, 118, 1, [32, 31]]
[32, 118, 1, [32, 31]]
[32, 122, 1, [32, 31]]
[32, 122, 1, [32, 31]]
[32, 122, 1, [32, 31]]
[32, 129, 1, [32, 31]]
[32, 129, 1, [32, 31]]
