adjacent matrix is: [[0, 1, 1, 0, 0], [1, 0, 0, 1, 0], [1, 0, 0, 0, 1], [0, 1, 0, 0, 0], [0, 0, 1, 0, 0]]
parent matrix is: [[0, 0, 0, 0, 0], [1, 0, 0, 0, 0], [1, 0, 0, 0, 0], [0, 1, 0, 0, 0], [0, 0, 1, 0, 0]]
the degree of am is: [2, 2, 2, 1, 1]
the degree of pm is: [0, 1, 1, 1, 1]

Laplacian matrix is: 
[2, -1.0, -1.0, 0, 0]
[-1.0, 2, 0, -1.0, 0]
[-1.0, 0, 2, 0, -1.0]
[0, -1.0, 0, 1, 0]
[0, 0, -1.0, 0, 1]

Laplacian eigenvalue and eigenvector of am is: 
	-4.7652180221954197e-17: array([  4.47213595e-01,  -2.89829744e-16,  -6.32455532e-01,
         1.46480065e-16,  -6.32455532e-01])
	0.38196601125010488: array([ 0.4472136 , -0.37174803, -0.19543951, -0.60150096,  0.51166727])
	1.3819660112501049: array([ 0.4472136 ,  0.37174803, -0.19543951,  0.60150096,  0.51166727])
	2.618033988749894: array([ 0.4472136 , -0.60150096,  0.51166727,  0.37174803, -0.19543951])
	3.6180339887498945: array([ 0.4472136 ,  0.60150096,  0.51166727, -0.37174803, -0.19543951])

	matrix for tree is: 
[1, 0, 0, 0]
[0, 1, 0, 0]
[-1, 0, 1, 0]
[0, -1, 0, 1]

The number of spanning tree of pm is: 1.0

----------------------------------------------------------------------
Adding edge 4->5
adjacent matrix is: [[0, 1, 1, 0, 0], [1, 0, 0, 1, 0], [1, 0, 0, 0, 1], [0, 1, 0, 0, 1], [0, 0, 1, 1, 0]]
parent matrix is: [[0, 0, 0, 0, 0], [1, 0, 0, 0, 0], [1, 0, 0, 0, 0], [0, 1, 0, 0, 1], [0, 0, 1, 0, 0]]

Laplacian eigenvalue and eigenvector of am is: 

Laplacian matrix is: 
[2, -1.0, -1.0, 0, 0]
[-1.0, 2, 0, -1.0, 0]
[-1.0, 0, 2, 0, -1.0]
[0, -1.0, 0, 2, -1.0]
[0, 0, -1.0, -1.0, 2]
	1.3988696756741465e-17: array([-0.4472136 ,  0.63245553, -0.        ,  0.        , -0.63245553])
	1.3819660112501051: array([-0.4472136 ,  0.19543951, -0.60150096, -0.37174803,  0.51166727])
	1.3819660112501053: array([-0.4472136 ,  0.19543951,  0.60150096,  0.37174803,  0.51166727])
	3.6180339887498949: array([-0.4472136 , -0.51166727, -0.37174803,  0.60150096, -0.19543951])
	3.6180339887498949: array([-0.4472136 , -0.51166727,  0.37174803, -0.60150096, -0.19543951])

	matrix for tree is: 
[1, 0, 0, 0]
[0, 1, 0, 0]
[-1, 0, 2, -1]
[0, -1, 0, 1]

The number of spanning tree of pm is: 2.0

----------------------------------------------------------------------
Adding edge 5->2, together with 4->5
adjacent matrix is: [[0, 1, 1, 0, 0], [1, 0, 0, 1, 1], [1, 0, 0, 0, 1], [0, 1, 0, 0, 1], [0, 1, 1, 1, 0]]
parent matrix is: [[0, 0, 0, 0, 0], [1, 0, 0, 0, 0], [1, 0, 0, 0, 0], [0, 1, 0, 0, 1], [0, 1, 1, 0, 0]]

Laplacian eigenvalue and eigenvector of am is: 

Laplacian matrix is: 
[2, -1.0, -1.0, 0, 0]
[-1.0, 3, 0, -1.0, -1.0]
[-1.0, 0, 2, 0, -1.0]
[0, -1.0, 0, 2, -1.0]
[0, -1.0, -1.0, -1.0, 3]
	-5.4377852202445512e-17: array([-0.4472136 ,  0.51166727,  0.60150096, -0.19543951,  0.37174803])
	1.3819660112501055: array([-0.4472136 , -0.19543951,  0.37174803,  0.51166727, -0.60150096])
	2.3819660112501051: array([-0.4472136 ,  0.51166727, -0.60150096, -0.19543951, -0.37174803])
	3.6180339887498945: array([ -4.47213595e-01,  -6.32455532e-01,  -1.78893358e-18,
        -6.32455532e-01,   1.13963201e-16])
	4.6180339887498949: array([-0.4472136 , -0.19543951, -0.37174803,  0.51166727,  0.60150096])

	matrix for tree is: 
[1, 0, 0, 0]
[0, 1, 0, 0]
[-1, 0, 2, -1]
[-1, -1, 0, 2]

The number of spanning tree of pm is: 4.0

----------------------------------------------------------------------
Adding edge 4->3, together with 5->2, 4->5
adjacent matrix is: [[0, 1, 1, 0, 0], [1, 0, 0, 1, 1], [1, 0, 0, 1, 1], [0, 1, 1, 0, 1], [0, 1, 1, 1, 0]]
parent matrix is: [[0, 0, 0, 0, 0], [1, 0, 0, 0, 0], [1, 0, 0, 0, 0], [0, 1, 1, 0, 1], [0, 1, 1, 0, 0]]

Laplacian eigenvalue and eigenvector of am is: 

Laplacian matrix is: 
[2, -1.0, -1.0, 0, 0]
[-1.0, 3, 0, -1.0, -1.0]
[-1.0, 0, 3, -1.0, -1.0]
[0, -1.0, -1.0, 3, -1.0]
[0, -1.0, -1.0, -1.0, 3]
	6.8318289393742848e-17: array([-0.4472136 , -0.81649658,  0.        ,  0.        ,  0.36514837])
	1.9999999999999998: array([ -4.47213595e-01,   3.13238977e-17,   7.07106781e-01,
         0.00000000e+00,  -5.47722558e-01])
	3.0: array([ -4.47213595e-01,   3.13238977e-17,  -7.07106781e-01,
         0.00000000e+00,  -5.47722558e-01])
	4.0: array([ -4.47213595e-01,   4.08248290e-01,  -2.22044605e-16,
        -7.07106781e-01,   3.65148372e-01])
	5.0: array([ -4.47213595e-01,   4.08248290e-01,  -1.11022302e-16,
         7.07106781e-01,   3.65148372e-01])

	matrix for tree is: 
[1, 0, 0, 0]
[0, 1, 0, 0]
[-1, -1, 3, -1]
[-1, -1, 0, 2]

The number of spanning tree of pm is: 6.0000000000000009

----------------------------------------------------------------------
Reduce the weight of 2->1 to 0.5
adjacent matrix is: [[0, 0.5, 1, 0, 0], [0.5, 0, 0, 1, 1], [1, 0, 0, 1, 1], [0, 1, 1, 0, 1], [0, 1, 1, 1, 0]]
parent matrix is: [[0, 0, 0, 0, 0], [0.5, 0, 0, 0, 0], [1, 0, 0, 0, 0], [0, 1, 1, 0, 1], [0, 1, 1, 0, 0]]

Laplacian eigenvalue and eigenvector of am is: 

Laplacian matrix is: 
[1.5, -0.5, -1.0, 0, 0]
[-0.5, 2.5, 0, -1.0, -1.0]
[-1.0, 0, 3, -1.0, -1.0]
[0, -1.0, -1.0, 3, -1.0]
[0, -1.0, -1.0, -1.0, 3]
	3.8996430082887927e-16: array([-0.4472136 , -0.83137921,  0.18790121,  0.        , -0.27111205])
	1.5303825659419632: array([ -4.47213595e-01,   2.65667896e-01,   7.36062784e-01,
         6.98282517e-17,   4.33165265e-01])
	2.7966357862030948: array([ -4.47213595e-01,  -1.07574514e-01,  -6.11670827e-01,
        -3.49141259e-17,   6.43650933e-01])
	4.0: array([-0.4472136 ,  0.33664291, -0.15614658, -0.70710678, -0.40285207])
	4.6729816478549413: array([-0.4472136 ,  0.33664291, -0.15614658,  0.70710678, -0.40285207])

	matrix for tree is: 
[0.5, 0, 0, 0]
[0, 1, 0, 0]
[-1, -1, 3, -1]
[-1, -1, 0, 2]

The number of spanning tree of pm is: 3.0000000000000004

----------------------------------------------------------------------
Reduce the weight of 4->5 to 0.5
adjacent matrix is: [[0, 1, 1, 0, 0], [1, 0, 0, 1, 1], [1, 0, 0, 1, 1], [0, 1, 1, 0, 0.5], [0, 1, 1, 0.5, 0]]
parent matrix is: [[0, 0, 0, 0, 0], [1, 0, 0, 0, 0], [1, 0, 0, 0, 0], [0, 1, 1, 0, 0.5], [0, 1, 1, 0, 0]]

Laplacian eigenvalue and eigenvector of am is: 

Laplacian matrix is: 
[2, -1.0, -1.0, 0, 0]
[-1.0, 3, 0, -1.0, -1.0]
[-1.0, 0, 3, -1.0, -1.0]
[0, -1.0, -1.0, 2.5, -0.5]
[0, -1.0, -1.0, -0.5, 2.5]
	6.8318289393742848e-17: array([-0.4472136 , -0.81649658,  0.        ,  0.        ,  0.36514837])
	1.9999999999999998: array([ -4.47213595e-01,   3.13238977e-17,   7.07106781e-01,
         0.00000000e+00,  -5.47722558e-01])
	3.0: array([ -4.47213595e-01,   3.13238977e-17,  -7.07106781e-01,
         0.00000000e+00,  -5.47722558e-01])
	3.0: array([ -4.47213595e-01,   4.08248290e-01,  -2.22044605e-16,
        -7.07106781e-01,   3.65148372e-01])
	5.0: array([ -4.47213595e-01,   4.08248290e-01,  -1.11022302e-16,
         7.07106781e-01,   3.65148372e-01])

	matrix for tree is: 
[1, 0, 0, 0]
[0, 1, 0, 0]
[-1, -1, 2.5, -0.5]
[-1, -1, 0, 2]

The number of spanning tree of pm is: 5.0000000000000009

----------------------------------------------------------------------
Reduce the weight of 5->2 to 0.5
adjacent matrix is: [[0, 1, 1, 0, 0], [1, 0, 0, 1, 0.5], [1, 0, 0, 1, 1], [0, 1, 1, 0, 1], [0, 0.5, 1, 1, 0]]
parent matrix is: [[0, 0, 0, 0, 0], [1, 0, 0, 0, 0], [1, 0, 0, 0, 0], [0, 1, 1, 0, 1], [0, 0.5, 1, 0, 0]]

Laplacian eigenvalue and eigenvector of am is: 

Laplacian matrix is: 
[2, -1.0, -1.0, 0, 0]
[-1.0, 2.5, 0, -1.0, -0.5]
[-1.0, 0, 3, -1.0, -1.0]
[0, -1.0, -1.0, 3, -1.0]
[0, -0.5, -1.0, -1.0, 2.5]
	-7.3515392390546327e-17: array([ 0.4472136 , -0.74619333, -0.27568756,  0.14400995,  0.3826918 ])
	1.844422418450266: array([ 0.4472136 , -0.21655236,  0.74444571,  0.08014734, -0.43872777])
	2.6700020491456842: array([ 0.4472136 ,  0.10046141, -0.55973448, -0.33356528, -0.60443281])
	3.7597251709781867: array([ 0.4472136 ,  0.34616863,  0.2072842 , -0.59935514,  0.52723236])
	4.7258503614258656: array([ 0.4472136 ,  0.51611566, -0.11630787,  0.70876312,  0.13323642])

	matrix for tree is: 
[1, 0, 0, 0]
[0, 1, 0, 0]
[-1, -1, 3, -1]
[-0.5, -1, 0, 1.5]

The number of spanning tree of pm is: 4.5

----------------------------------------------------------------------
Add a node 6->5 to the matrix
adjacent matrix is: [[0, 1, 1, 0, 0, 0], [1, 0, 0, 1, 1, 0], [1, 0, 0, 1, 1, 0], [0, 1, 1, 0, 1, 0], [0, 1, 1, 1, 0, 1], [0, 0, 0, 0, 1, 0]]
parent matrix is: [[0, 0, 0, 0, 0, 0], [1, 0, 0, 0, 0, 0], [1, 0, 0, 0, 0, 0], [0, 1, 1, 0, 1, 0], [0, 1, 1, 0, 0, 0], [0, 0, 0, 0, 1, 0]]

Laplacian eigenvalue and eigenvector of am is: 

Laplacian matrix is: 
[2, -1.0, -1.0, 0, 0, 0]
[-1.0, 3, 0, -1.0, -1.0, 0]
[-1.0, 0, 3, -1.0, -1.0, 0]
[0, -1.0, -1.0, 3, -1.0, 0]
[0, -1.0, -1.0, -1.0, 4, -1.0]
[0, 0, 0, 0, -1.0, 1]
	-5.8956629797783387e-16: array([-0.40824829,  0.37772734, -0.75287203,  0.        ,  0.23419406,
       -0.26266374])
	0.89290362327452211: array([-0.40824829,  0.20909029,  0.07991338,  0.70710678, -0.29580556,
        0.44241102])
	2.2122894025734827: array([-0.40824829,  0.20909029,  0.07991338, -0.70710678, -0.29580556,
        0.44241102])
	3.0000000000000004: array([ -4.08248290e-01,   1.54815478e-01,   5.45752425e-01,
        -7.84962373e-17,   7.11496475e-01,  -7.27499654e-02])
	4.5261576022647576: array([ -4.08248290e-01,  -9.19694368e-02,   2.70068216e-01,
        -1.89518540e-16,  -4.94244638e-01,  -7.12502879e-01])
	5.3686493718872397: array([ -4.08248290e-01,  -8.58753953e-01,  -2.22775366e-01,
         8.61940727e-18,   1.40165215e-01,   1.63094544e-01])

	matrix for tree is: 
[1, 0, 0, 0, 0]
[0, 1, 0, 0, 0]
[-1, -1, 3, -1, 0]
[-1, -1, 0, 2, 0]
[0, 0, 0, -1, 1]

The number of spanning tree of pm is: 6.0000000000000009
