adjacent matrix is: [[0, 1, 0, 1, 0, 0, 0, 0, 0], [1, 0, 1, 0, 1, 0, 0, 0, 0], [0, 1, 0, 0, 0, 1, 0, 0, 0], [1, 0, 0, 0, 0, 0, 1, 0, 0], [0, 1, 0, 0, 0, 0, 0, 1, 0], [0, 0, 1, 0, 0, 0, 0, 0, 0], [0, 0, 0, 1, 0, 0, 0, 0, 0], [0, 0, 0, 0, 1, 0, 0, 0, 1], [0, 0, 0, 0, 0, 0, 0, 1, 0]]
parent matrix is: [[0, 0, 0, 0, 0, 0, 0, 0, 0], [1, 0, 0, 0, 0, 0, 0, 0, 0], [0, 1, 0, 0, 0, 0, 0, 0, 0], [1, 0, 0, 0, 0, 0, 0, 0, 0], [0, 1, 0, 0, 0, 0, 0, 0, 0], [0, 0, 1, 0, 0, 0, 0, 0, 0], [0, 0, 0, 1, 0, 0, 0, 0, 0], [0, 0, 0, 0, 1, 0, 0, 0, 0], [0, 0, 0, 0, 0, 0, 0, 1, 0]]
the degree of am is: [2, 3, 2, 2, 2, 1, 1, 2, 1]
the degree of pm is: [0, 1, 1, 1, 1, 1, 1, 1, 1]

Laplacian matrix is: 
[2, -1.0, 0, -1.0, 0, 0, 0, 0, 0]
[-1.0, 3, -1.0, 0, -1.0, 0, 0, 0, 0]
[0, -1.0, 2, 0, 0, -1.0, 0, 0, 0]
[-1.0, 0, 0, 2, 0, 0, -1.0, 0, 0]
[0, -1.0, 0, 0, 2, 0, 0, -1.0, 0]
[0, 0, -1.0, 0, 0, 1, 0, 0, 0]
[0, 0, 0, -1.0, 0, 0, 1, 0, 0]
[0, 0, 0, 0, -1.0, 0, 0, 2, -1.0]
[0, 0, 0, 0, 0, 0, 0, -1.0, 1]

Laplacian eigenvalue and eigenvector of am is: 
	2.5105147641333911e-16: array([ 0.33333333, -0.23192061,  0.06251213, -0.40824829,  0.52112089,
       -0.16502301,  0.23570226,  0.41790651, -0.36813898])
	0.19806226419516174: array([  3.33333333e-01,   4.09584476e-16,  -1.25024261e-01,
        -4.08248290e-01,  -5.41708063e-16,   3.30046022e-01,
         2.35702260e-01,   2.46574679e-16,   7.36277953e-01])
	0.300371851724682: array([  3.33333333e-01,   8.00737514e-16,  -4.62543275e-01,
        -1.10093954e-16,  -1.34766330e-16,   5.81170357e-01,
        -4.71404521e-01,  -8.82405043e-17,  -3.39059583e-01])
	0.99999999999999989: array([  3.33333333e-01,  -4.17906506e-01,   2.31271638e-01,
        -3.04010289e-16,   2.31920614e-01,  -2.90585179e-01,
        -4.71404521e-01,  -5.21120889e-01,   1.69529792e-01])
	1.5549581320873715: array([ 0.33333333,  0.23192061,  0.06251213, -0.40824829, -0.52112089,
       -0.16502301,  0.23570226, -0.41790651, -0.36813898])
	2.2391232782565553: array([  3.33333333e-01,   1.29623485e-15,  -6.61127309e-01,
         4.08248290e-01,   5.32045111e-16,  -4.69017383e-01,
         2.35702260e-01,  -1.27420860e-16,   9.79798023e-02])
	3.0000000000000004: array([ 0.33333333, -0.52112089,  0.33056365,  0.40824829, -0.41790651,
        0.23450869,  0.23570226,  0.23192061, -0.0489899 ])
	3.2469796037174672: array([  3.33333333e-01,   4.17906506e-01,   2.31271638e-01,
         5.21382660e-16,  -2.31920614e-01,  -2.90585179e-01,
        -4.71404521e-01,   5.21120889e-01,   1.69529792e-01])
	4.4605048700187639: array([ 0.33333333,  0.52112089,  0.33056365,  0.40824829,  0.41790651,
        0.23450869,  0.23570226, -0.23192061, -0.0489899 ])

The directed laplacian matrix is: 
[0, 0, 0, 0, 0, 0, 0, 0, 0]
[-1, 1, 0, 0, 0, 0, 0, 0, 0]
[0, -1, 1, 0, 0, 0, 0, 0, 0]
[-1, 0, 0, 1, 0, 0, 0, 0, 0]
[0, -1, 0, 0, 1, 0, 0, 0, 0]
[0, 0, -1, 0, 0, 1, 0, 0, 0]
[0, 0, 0, -1, 0, 0, 1, 0, 0]
[0, 0, 0, 0, -1, 0, 0, 1, 0]
[0, 0, 0, 0, 0, 0, 0, -1, 1]

	matrix for tree is: 
[1, 0, 0, 0, 0, 0, 0, 0]
[-1, 1, 0, 0, 0, 0, 0, 0]
[0, 0, 1, 0, 0, 0, 0, 0]
[-1, 0, 0, 1, 0, 0, 0, 0]
[0, -1, 0, 0, 1, 0, 0, 0]
[0, 0, -1, 0, 0, 1, 0, 0]
[0, 0, 0, -1, 0, 0, 1, 0]
[0, 0, 0, 0, 0, 0, -1, 1]

The number of spanning tree of pm is: 1.0

----------------------------------------------------------------------
Adding edge 5->4
adjacent matrix is: [[0, 1, 0, 1, 0, 0, 0, 0, 0], [1, 0, 1, 0, 1, 0, 0, 0, 0], [0, 1, 0, 0, 0, 1, 0, 0, 0], [1, 0, 0, 0, 1, 0, 1, 0, 0], [0, 1, 0, 1, 0, 0, 0, 1, 0], [0, 0, 1, 0, 0, 0, 0, 0, 0], [0, 0, 0, 1, 0, 0, 0, 0, 0], [0, 0, 0, 0, 1, 0, 0, 0, 1], [0, 0, 0, 0, 0, 0, 0, 1, 0]]
parent matrix is: [[0, 0, 0, 0, 0, 0, 0, 0, 0], [1, 0, 0, 0, 0, 0, 0, 0, 0], [0, 1, 0, 0, 0, 0, 0, 0, 0], [1, 0, 0, 0, 0, 0, 0, 0, 0], [0, 1, 0, 1, 0, 0, 0, 0, 0], [0, 0, 1, 0, 0, 0, 0, 0, 0], [0, 0, 0, 1, 0, 0, 0, 0, 0], [0, 0, 0, 0, 1, 0, 0, 0, 0], [0, 0, 0, 0, 0, 0, 0, 1, 0]]

Laplacian eigenvalue and eigenvector of am is: 

Laplacian matrix is: 
[2, -1.0, 0, -1.0, 0, 0, 0, 0, 0]
[-1.0, 3, -1.0, 0, -1.0, 0, 0, 0, 0]
[0, -1.0, 2, 0, 0, -1.0, 0, 0, 0]
[-1.0, 0, 0, 3, -1.0, 0, -1.0, 0, 0]
[0, -1.0, 0, -1.0, 3, 0, 0, -1.0, 0]
[0, 0, -1.0, 0, 0, 1, 0, 0, 0]
[0, 0, 0, -1.0, 0, 0, 1, 0, 0]
[0, 0, 0, 0, -1.0, 0, 0, 2, -1.0]
[0, 0, 0, 0, 0, 0, 0, -1.0, 1]
	-9.8804518156313659e-17: array([ 0.33333333, -0.04024084, -0.24314416, -0.47709966,  0.5       ,
       -0.31407493,  0.38687702, -0.01878282, -0.31914998])
	0.28967037804671736: array([  3.33333333e-01,  -1.26721591e-01,  -3.43002714e-02,
        -3.87935802e-01,  -4.26533169e-16,   3.34720599e-01,
        -8.08032799e-02,   5.86699573e-01,   5.08307381e-01])
	0.42675438504662649: array([  3.33333333e-01,  -4.18869353e-01,   2.00343477e-01,
        -2.93792098e-02,  -1.16462287e-15,   6.32468576e-01,
         1.01897802e-01,  -4.79801383e-01,  -1.78403136e-01])
	1.0813945992450213: array([  3.33333333e-01,   5.78964988e-02,  -3.48225208e-01,
        -5.03305217e-02,   2.36354358e-16,  -2.52208303e-01,
        -3.98734587e-01,  -5.56525749e-01,   4.78981961e-01])
	1.9999999999999998: array([ 0.33333333,  0.11565291, -0.04546234, -0.23781686, -0.5       ,
       -0.07160927, -0.46942164,  0.14277495, -0.56658659])
	2.2627153196847161: array([  3.33333333e-01,  -5.89683071e-01,   3.49489768e-01,
         3.60947901e-01,   7.46005634e-16,  -5.00879783e-01,
        -4.55000470e-02,   1.84081690e-01,   4.35820912e-02])
	3.2395098238722015: array([  3.33333333e-01,   8.15065246e-02,  -6.07462488e-01,
         6.18352105e-01,  -2.72080535e-16,   1.99734888e-01,
         1.78045474e-01,   2.13517935e-01,  -1.17010474e-01])
	3.6064590280386426: array([ 0.33333333,  0.38228259,  0.2655397 , -0.01801038, -0.5       ,
       -0.13530872,  0.59196896, -0.11676098,  0.19885768])
	5.0934964660660782: array([ 0.33333333,  0.53817633,  0.46322152,  0.22127242,  0.5       ,
        0.10715694, -0.2643297 ,  0.04479678, -0.04857893])

The directed laplacian matrix is: 
[0, 0, 0, 0, 0, 0, 0, 0, 0]
[-1, 1, 0, 0, 0, 0, 0, 0, 0]
[0, -1, 1, 0, 0, 0, 0, 0, 0]
[-1, 0, 0, 1, 0, 0, 0, 0, 0]
[0, -1, 0, -1, 2, 0, 0, 0, 0]
[0, 0, -1, 0, 0, 1, 0, 0, 0]
[0, 0, 0, -1, 0, 0, 1, 0, 0]
[0, 0, 0, 0, -1, 0, 0, 1, 0]
[0, 0, 0, 0, 0, 0, 0, -1, 1]

	matrix for tree is: 
[1, 0, 0, 0, 0, 0, 0, 0]
[-1, 1, 0, 0, 0, 0, 0, 0]
[0, 0, 1, 0, 0, 0, 0, 0]
[-1, 0, -1, 2, 0, 0, 0, 0]
[0, -1, 0, 0, 1, 0, 0, 0]
[0, 0, -1, 0, 0, 1, 0, 0]
[0, 0, 0, -1, 0, 0, 1, 0]
[0, 0, 0, 0, 0, 0, -1, 1]

The number of spanning tree of pm is: 2.0

----------------------------------------------------------------------
Adding edge 8->7, together with 5->4
adjacent matrix is: [[0, 1, 0, 1, 0, 0, 0, 0, 0], [1, 0, 1, 0, 1, 0, 0, 0, 0], [0, 1, 0, 0, 0, 1, 0, 0, 0], [1, 0, 0, 0, 1, 0, 1, 0, 0], [0, 1, 0, 1, 0, 0, 0, 1, 0], [0, 0, 1, 0, 0, 0, 0, 0, 0], [0, 0, 0, 1, 0, 0, 0, 1, 0], [0, 0, 0, 0, 1, 0, 1, 0, 1], [0, 0, 0, 0, 0, 0, 0, 1, 0]]
parent matrix is: [[0, 0, 0, 0, 0, 0, 0, 0, 0], [1, 0, 0, 0, 0, 0, 0, 0, 0], [0, 1, 0, 0, 0, 0, 0, 0, 0], [1, 0, 0, 0, 0, 0, 0, 0, 0], [0, 1, 0, 1, 0, 0, 0, 0, 0], [0, 0, 1, 0, 0, 0, 0, 0, 0], [0, 0, 0, 1, 0, 0, 0, 0, 0], [0, 0, 0, 0, 1, 0, 1, 0, 0], [0, 0, 0, 0, 0, 0, 0, 1, 0]]

Laplacian eigenvalue and eigenvector of am is: 

Laplacian matrix is: 
[2, -1.0, 0, -1.0, 0, 0, 0, 0, 0]
[-1.0, 3, -1.0, 0, -1.0, 0, 0, 0, 0]
[0, -1.0, 2, 0, 0, -1.0, 0, 0, 0]
[-1.0, 0, 0, 3, -1.0, 0, -1.0, 0, 0]
[0, -1.0, 0, -1.0, 3, 0, 0, -1.0, 0]
[0, 0, -1.0, 0, 0, 1, 0, 0, 0]
[0, 0, 0, -1.0, 0, 0, 2, -1.0, 0]
[0, 0, 0, 0, -1.0, 0, -1.0, 3, -1.0]
[0, 0, 0, 0, 0, 0, 0, -1.0, 1]
	-8.1222031601823676e-16: array([ 0.33333333,  0.01108627,  0.43880824, -0.39152374,  0.55067666,
       -0.13690269,  0.29280461,  0.25517309, -0.26474045])
	0.30111927237272845: array([ 0.33333333, -0.12186618,  0.23024332, -0.36153042, -0.30731464,
       -0.0150807 ,  0.26094871, -0.59917485,  0.41054457])
	0.74387761472006964: array([ 0.33333333, -0.45468824, -0.08694132, -0.13983201, -0.44105303,
       -0.49382696, -0.25801652,  0.36363015, -0.13357938])
	1.4833654634791649: array([ 0.33333333,  0.14070043,  0.32095353,  0.15925573,  0.21753205,
        0.09667746, -0.67787885,  0.09316846,  0.46459865])
	2.1630404879718936: array([ 0.33333333,  0.11469968,  0.1675902 , -0.01695377, -0.36683354,
        0.62463736, -0.1454093 , -0.02981869, -0.54825841])
	2.5960200917293066: array([ 0.33333333, -0.65059491, -0.33945226,  0.28928837,  0.37922414,
        0.3094115 ,  0.106446  , -0.12190112,  0.0310241 ])
	3.4239193333273947: array([ 0.33333333,  0.25394775,  0.117712  ,  0.65001025, -0.0017776 ,
       -0.44867891,  0.13997064, -0.31693832, -0.25820996])
	3.9829927821233206: array([ 0.33333333,  0.2907265 , -0.17309285,  0.17656201, -0.21724223,
        0.17074419,  0.47857196,  0.53531795,  0.38895698])
	5.3056649542761214: array([ 0.33333333,  0.41598872, -0.67582085, -0.36527644,  0.18678819,
       -0.10698123, -0.19743725, -0.17945667, -0.0903361 ])

The directed laplacian matrix is: 
[0, 0, 0, 0, 0, 0, 0, 0, 0]
[-1, 1, 0, 0, 0, 0, 0, 0, 0]
[0, -1, 1, 0, 0, 0, 0, 0, 0]
[-1, 0, 0, 1, 0, 0, 0, 0, 0]
[0, -1, 0, -1, 2, 0, 0, 0, 0]
[0, 0, -1, 0, 0, 1, 0, 0, 0]
[0, 0, 0, -1, 0, 0, 1, 0, 0]
[0, 0, 0, 0, -1, 0, -1, 2, 0]
[0, 0, 0, 0, 0, 0, 0, -1, 1]

	matrix for tree is: 
[1, 0, 0, 0, 0, 0, 0, 0]
[-1, 1, 0, 0, 0, 0, 0, 0]
[0, 0, 1, 0, 0, 0, 0, 0]
[-1, 0, -1, 2, 0, 0, 0, 0]
[0, -1, 0, 0, 1, 0, 0, 0]
[0, 0, -1, 0, 0, 1, 0, 0]
[0, 0, 0, -1, 0, -1, 2, 0]
[0, 0, 0, 0, 0, 0, -1, 1]

The number of spanning tree of pm is: 4.0

----------------------------------------------------------------------
Adding edge 8->4, together with 8->7, 5->4
adjacent matrix is: [[0, 1, 0, 1, 0, 0, 0, 0, 0], [1, 0, 1, 0, 1, 0, 0, 0, 0], [0, 1, 0, 0, 0, 1, 0, 0, 0], [1, 0, 0, 0, 1, 0, 1, 1, 0], [0, 1, 0, 1, 0, 0, 0, 1, 0], [0, 0, 1, 0, 0, 0, 0, 0, 0], [0, 0, 0, 1, 0, 0, 0, 1, 0], [0, 0, 0, 1, 1, 0, 1, 0, 1], [0, 0, 0, 0, 0, 0, 0, 1, 0]]
parent matrix is: [[0, 0, 0, 0, 0, 0, 0, 0, 0], [1, 0, 0, 0, 0, 0, 0, 0, 0], [0, 1, 0, 0, 0, 0, 0, 0, 0], [1, 0, 0, 0, 0, 0, 0, 0, 0], [0, 1, 0, 1, 0, 0, 0, 0, 0], [0, 0, 1, 0, 0, 0, 0, 0, 0], [0, 0, 0, 1, 0, 0, 0, 0, 0], [0, 0, 0, 1, 1, 0, 1, 0, 0], [0, 0, 0, 0, 0, 0, 0, 1, 0]]

Laplacian eigenvalue and eigenvector of am is: 

Laplacian matrix is: 
[2, -1.0, 0, -1.0, 0, 0, 0, 0, 0]
[-1.0, 3, -1.0, 0, -1.0, 0, 0, 0, 0]
[0, -1.0, 2, 0, 0, -1.0, 0, 0, 0]
[-1.0, 0, 0, 4, -1.0, 0, -1.0, -1.0, 0]
[0, -1.0, 0, -1.0, 3, 0, 0, -1.0, 0]
[0, 0, -1.0, 0, 0, 1, 0, 0, 0]
[0, 0, 0, -1.0, 0, 0, 2, -1.0, 0]
[0, 0, 0, -1.0, -1.0, 0, -1.0, 4, -1.0]
[0, 0, 0, 0, 0, 0, 0, -1.0, 1]
	2.7612755272521649e-16: array([-0.33333333, -0.04557687,  0.42190477, -0.39307437,  0.63455736,
       -0.1762334 ,  0.13152117,  0.01173606, -0.32115999])
	0.31157124418865234: array([-0.33333333,  0.1090508 ,  0.26940314, -0.36563523, -0.26252345,
       -0.01271781, -0.66073786, -0.2200177 ,  0.34156556])
	0.88702987097399166: array([-0.33333333,  0.46238211, -0.03481143, -0.14147046, -0.48173104,
       -0.47018991,  0.42837165,  0.0747106 , -0.1078826 ])
	1.4835413295413558: array([-0.33333333, -0.18600409,  0.20016427,  0.16262856,  0.10193157,
        0.11819835,  0.41234356,  0.18265078,  0.7483503 ])
	2.2530770044647674: array([-0.33333333, -0.12362995,  0.18214744, -0.01992589, -0.34891112,
        0.64131746,  0.02725602,  0.39405923, -0.38855781])
	2.5985274845595465: array([-0.33333333,  0.67164846, -0.30814722,  0.29257159,  0.3844385 ,
        0.2941394 , -0.14829599, -0.01785651,  0.02455401])
	3.8886260089851139: array([-0.33333333, -0.26143899,  0.10374849,  0.64945845, -0.00756177,
       -0.45142312, -0.33702673,  0.20119236, -0.17341605])
	5.183941950029312: array([-0.33333333, -0.25541702, -0.0846953 ,  0.17278988, -0.10001786,
        0.1519908 ,  0.22417389, -0.82323557, -0.15983082])
	5.3936851072572605: array([-0.33333333, -0.37101445, -0.74971415, -0.35734253,  0.07981781,
       -0.09508176, -0.07760571,  0.19676075,  0.03637739])

The directed laplacian matrix is: 
[0, 0, 0, 0, 0, 0, 0, 0, 0]
[-1, 1, 0, 0, 0, 0, 0, 0, 0]
[0, -1, 1, 0, 0, 0, 0, 0, 0]
[-1, 0, 0, 1, 0, 0, 0, 0, 0]
[0, -1, 0, -1, 2, 0, 0, 0, 0]
[0, 0, -1, 0, 0, 1, 0, 0, 0]
[0, 0, 0, -1, 0, 0, 1, 0, 0]
[0, 0, 0, -1, -1, 0, -1, 3, 0]
[0, 0, 0, 0, 0, 0, 0, -1, 1]

	matrix for tree is: 
[1, 0, 0, 0, 0, 0, 0, 0]
[-1, 1, 0, 0, 0, 0, 0, 0]
[0, 0, 1, 0, 0, 0, 0, 0]
[-1, 0, -1, 2, 0, 0, 0, 0]
[0, -1, 0, 0, 1, 0, 0, 0]
[0, 0, -1, 0, 0, 1, 0, 0]
[0, 0, -1, -1, 0, -1, 3, 0]
[0, 0, 0, 0, 0, 0, -1, 1]

The number of spanning tree of pm is: 6.0

----------------------------------------------------------------------
Adding edge 9->5, together with 8->4,  8->7, 5->4
adjacent matrix is: [[0, 1, 0, 1, 0, 0, 0, 0, 0], [1, 0, 1, 0, 1, 0, 0, 0, 0], [0, 1, 0, 0, 0, 1, 0, 0, 0], [1, 0, 0, 0, 1, 0, 1, 1, 0], [0, 1, 0, 1, 0, 0, 0, 1, 1], [0, 0, 1, 0, 0, 0, 0, 0, 0], [0, 0, 0, 1, 0, 0, 0, 1, 0], [0, 0, 0, 1, 1, 0, 1, 0, 1], [0, 0, 0, 0, 1, 0, 0, 1, 0]]
parent matrix is: [[0, 0, 0, 0, 0, 0, 0, 0, 0], [1, 0, 0, 0, 0, 0, 0, 0, 0], [0, 1, 0, 0, 0, 0, 0, 0, 0], [1, 0, 0, 0, 0, 0, 0, 0, 0], [0, 1, 0, 1, 0, 0, 0, 0, 0], [0, 0, 1, 0, 0, 0, 0, 0, 0], [0, 0, 0, 1, 0, 0, 0, 0, 0], [0, 0, 0, 1, 1, 0, 1, 0, 0], [0, 0, 0, 0, 1, 0, 0, 1, 0]]

Laplacian eigenvalue and eigenvector of am is: 

Laplacian matrix is: 
[2, -1.0, 0, -1.0, 0, 0, 0, 0, 0]
[-1.0, 3, -1.0, 0, -1.0, 0, 0, 0, 0]
[0, -1.0, 2, 0, 0, -1.0, 0, 0, 0]
[-1.0, 0, 0, 4, -1.0, 0, -1.0, -1.0, 0]
[0, -1.0, 0, -1.0, 4, 0, 0, -1.0, -1.0]
[0, 0, -1.0, 0, 0, 1, 0, 0, 0]
[0, 0, 0, -1.0, 0, 0, 2, -1.0, 0]
[0, 0, 0, -1.0, -1.0, 0, -1.0, 4, -1.0]
[0, 0, 0, 0, -1.0, 0, 0, -1.0, 2]
	-3.8534194277404013e-16: array([-0.33333333,  0.07933741, -0.66351449,  0.07384649,  0.47422623,
        0.37513863,  0.02695431, -0.09457562,  0.24819164])
	0.33167517222715109: array([-0.33333333, -0.08042413, -0.41601829, -0.19509319, -0.26227428,
       -0.39445667, -0.55374551, -0.10629891, -0.35912514])
	1.2861776570976098: array([-0.33333333, -0.46745596, -0.09886001, -0.10141574, -0.62509968,
        0.35506009,  0.34929929,  0.03575437,  0.10104313])
	1.6396522312254003: array([-0.33333333,  0.2127847 , -0.05761318,  0.22170361,  0.10508019,
       -0.17179672,  0.50180574,  0.409937  , -0.57508824])
	2.3314748961214646: array([-0.33333333,  0.17352084,  0.04939307, -0.23782533, -0.02446349,
       -0.52924236,  0.13704398,  0.29379845,  0.64341613])
	3.5094510292261769: array([-0.33333333, -0.69944425,  0.3454498 ,  0.15854825,  0.46947913,
       -0.14148915, -0.11933877, -0.00849165, -0.02120937])
	3.9269557508628119: array([-0.33333333,  0.27751113,  0.23348762,  0.66819683, -0.25332424,
        0.20015209, -0.40396909,  0.12916702,  0.16359649])
	5.2105324914820406: array([-0.33333333,  0.25019401,  0.22428186,  0.01907963, -0.02110957,
       -0.13032306,  0.27662482, -0.82463191, -0.04070216])
	5.7640807717573459: array([-0.33333333,  0.25397623,  0.38339362, -0.60704055,  0.1374857 ,
        0.43695715, -0.21467478,  0.16534125, -0.16012249])

The directed laplacian matrix is: 
[0, 0, 0, 0, 0, 0, 0, 0, 0]
[-1, 1, 0, 0, 0, 0, 0, 0, 0]
[0, -1, 1, 0, 0, 0, 0, 0, 0]
[-1, 0, 0, 1, 0, 0, 0, 0, 0]
[0, -1, 0, -1, 2, 0, 0, 0, 0]
[0, 0, -1, 0, 0, 1, 0, 0, 0]
[0, 0, 0, -1, 0, 0, 1, 0, 0]
[0, 0, 0, -1, -1, 0, -1, 3, 0]
[0, 0, 0, 0, -1, 0, 0, -1, 2]

	matrix for tree is: 
[1, 0, 0, 0, 0, 0, 0, 0]
[-1, 1, 0, 0, 0, 0, 0, 0]
[0, 0, 1, 0, 0, 0, 0, 0]
[-1, 0, -1, 2, 0, 0, 0, 0]
[0, -1, 0, 0, 1, 0, 0, 0]
[0, 0, -1, 0, 0, 1, 0, 0]
[0, 0, -1, -1, 0, -1, 3, 0]
[0, 0, 0, -1, 0, 0, -1, 2]

The number of spanning tree of pm is: 12.0

----------------------------------------------------------------------
Reduce the weight of 8->7 to 0.7
adjacent matrix is: [[0, 1, 0, 1, 0, 0, 0, 0, 0], [1, 0, 1, 0, 1, 0, 0, 0, 0], [0, 1, 0, 0, 0, 1, 0, 0, 0], [1, 0, 0, 0, 1, 0, 1, 1, 0], [0, 1, 0, 1, 0, 0, 0, 1, 1], [0, 0, 1, 0, 0, 0, 0, 0, 0], [0, 0, 0, 1, 0, 0, 0, 0.7, 0], [0, 0, 0, 1, 1, 0, 0.7, 0, 1], [0, 0, 0, 0, 1, 0, 0, 1, 0]]
parent matrix is: [[0, 0, 0, 0, 0, 0, 0, 0, 0], [1, 0, 0, 0, 0, 0, 0, 0, 0], [0, 1, 0, 0, 0, 0, 0, 0, 0], [1, 0, 0, 0, 0, 0, 0, 0, 0], [0, 1, 0, 1, 0, 0, 0, 0, 0], [0, 0, 1, 0, 0, 0, 0, 0, 0], [0, 0, 0, 1, 0, 0, 0, 0, 0], [0, 0, 0, 1, 1, 0, 0.7, 0, 0], [0, 0, 0, 0, 1, 0, 0, 1, 0]]

Laplacian eigenvalue and eigenvector of am is: 

Laplacian matrix is: 
[2, -1.0, 0, -1.0, 0, 0, 0, 0, 0]
[-1.0, 3, -1.0, 0, -1.0, 0, 0, 0, 0]
[0, -1.0, 2, 0, 0, -1.0, 0, 0, 0]
[-1.0, 0, 0, 4, -1.0, 0, -1.0, -1.0, 0]
[0, -1.0, 0, -1.0, 4, 0, 0, -1.0, -1.0]
[0, 0, -1.0, 0, 0, 1, 0, 0, 0]
[0, 0, 0, -1.0, 0, 0, 1.7, -0.7, 0]
[0, 0, 0, -1.0, -1.0, 0, -0.7, 3.7, -1.0]
[0, 0, 0, 0, -1.0, 0, 0, -1.0, 2]
	3.071543166463134e-16: array([ 0.33333333, -0.07933526, -0.66310755, -0.05924216,  0.47197575,
       -0.3644013 ,  0.11095948,  0.08677668, -0.25294651])
	0.33139109990965088: array([ 0.33333333,  0.08084737, -0.41744343,  0.16150773, -0.27996948,
        0.27037577, -0.60710647,  0.18698278,  0.3563454 ])
	1.2861255061880146: array([ 0.33333333,  0.46741709, -0.09918244,  0.06301814, -0.62827127,
       -0.25744267,  0.42521256, -0.06853139, -0.10048836])
	1.4876739229867413: array([ 0.33333333, -0.2132269 , -0.05593213, -0.19185903,  0.13134571,
        0.26063107,  0.40886311, -0.44555129,  0.59381785])
	2.3148970408652634: array([ 0.33333333, -0.17233181,  0.04684433,  0.24047636, -0.0355124 ,
        0.49822723, -0.0586049 , -0.3884152 , -0.62878849])
	3.4572034893472763: array([ 0.33333333,  0.69908895,  0.34663962, -0.12922189,  0.47781024,
        0.1047706 , -0.15259034,  0.01722024,  0.02112707])
	3.786628323367637: array([ 0.33333333, -0.28262096,  0.24167639, -0.71918549, -0.22616028,
       -0.25158985, -0.31247218, -0.0275809 , -0.14329529])
	4.9797005262321496: array([ 0.33333333, -0.24795808,  0.22279404,  0.05593885,  0.01102797,
        0.25923356,  0.3473574 ,  0.76572625, -0.01793956])
	5.7563800911032645: array([ 0.33333333, -0.25188041,  0.37771117,  0.57856749,  0.07775376,
       -0.5198044 , -0.16161867, -0.12662717,  0.17216789])

The directed laplacian matrix is: 
[0, 0, 0, 0, 0, 0, 0, 0, 0]
[-1, 1, 0, 0, 0, 0, 0, 0, 0]
[0, -1, 1, 0, 0, 0, 0, 0, 0]
[-1, 0, 0, 1, 0, 0, 0, 0, 0]
[0, -1, 0, -1, 2, 0, 0, 0, 0]
[0, 0, -1, 0, 0, 1, 0, 0, 0]
[0, 0, 0, -1, 0, 0, 1, 0, 0]
[0, 0, 0, -1, -1, 0, -0.7, 2.7, 0]
[0, 0, 0, 0, -1, 0, 0, -1, 2]

	matrix for tree is: 
[1, 0, 0, 0, 0, 0, 0, 0]
[-1, 1, 0, 0, 0, 0, 0, 0]
[0, 0, 1, 0, 0, 0, 0, 0]
[-1, 0, -1, 2, 0, 0, 0, 0]
[0, -1, 0, 0, 1, 0, 0, 0]
[0, 0, -1, 0, 0, 1, 0, 0]
[0, 0, -1, -1, 0, -0.7, 2.7, 0]
[0, 0, 0, -1, 0, 0, -1, 2]

The number of spanning tree of pm is: 10.800000000000001

----------------------------------------------------------------------
Reduce the weight of 8->7 to 0.3
adjacent matrix is: [[0, 1, 0, 1, 0, 0, 0, 0, 0], [1, 0, 1, 0, 1, 0, 0, 0, 0], [0, 1, 0, 0, 0, 1, 0, 0, 0], [1, 0, 0, 0, 1, 0, 1, 1, 0], [0, 1, 0, 1, 0, 0, 0, 1, 1], [0, 0, 1, 0, 0, 0, 0, 0, 0], [0, 0, 0, 1, 0, 0, 0, 0.3, 0], [0, 0, 0, 1, 1, 0, 0.3, 0, 1], [0, 0, 0, 0, 1, 0, 0, 1, 0]]
parent matrix is: [[0, 0, 0, 0, 0, 0, 0, 0, 0], [1, 0, 0, 0, 0, 0, 0, 0, 0], [0, 1, 0, 0, 0, 0, 0, 0, 0], [1, 0, 0, 0, 0, 0, 0, 0, 0], [0, 1, 0, 1, 0, 0, 0, 0, 0], [0, 0, 1, 0, 0, 0, 0, 0, 0], [0, 0, 0, 1, 0, 0, 0, 0, 0], [0, 0, 0, 1, 1, 0, 0.3, 0, 0], [0, 0, 0, 0, 1, 0, 0, 1, 0]]

Laplacian eigenvalue and eigenvector of am is: 

Laplacian matrix is: 
[2, -1.0, 0, -1.0, 0, 0, 0, 0, 0]
[-1.0, 3, -1.0, 0, -1.0, 0, 0, 0, 0]
[0, -1.0, 2, 0, 0, -1.0, 0, 0, 0]
[-1.0, 0, 0, 4, -1.0, 0, -1.0, -1.0, 0]
[0, -1.0, 0, -1.0, 4, 0, 0, -1.0, -1.0]
[0, 0, -1.0, 0, 0, 1, 0, 0, 0]
[0, 0, 0, -1.0, 0, 0, 1.3, -0.3, 0]
[0, 0, 0, -1.0, -1.0, 0, -0.3, 3.3, -1.0]
[0, 0, 0, 0, -1.0, 0, 0, -1.0, 2]
	4.4798952732487928e-16: array([ 0.33333333,  0.07931533,  0.012658  ,  0.6643772 ,  0.46443875,
       -0.30540085,  0.24448631,  0.0850904 , -0.25505628])
	0.33064216492253673: array([ 0.33333333, -0.08194696,  0.14826206,  0.40684741, -0.30148464,
        0.04019586, -0.63946197,  0.2604915 ,  0.35410592])
	1.1866950324061563: array([ 0.33333333, -0.46723075,  0.02403093,  0.09677223, -0.62619184,
       -0.04669387,  0.49569839, -0.10311579, -0.09997834])
	1.2864792325135554: array([ 0.33333333,  0.21435263, -0.13796724,  0.06719952,  0.16571269,
        0.35570071,  0.23233722, -0.49789817,  0.60292971])
	2.2923355380549548: array([ 0.33333333,  0.16916967,  0.23215539, -0.06400794, -0.05159687,
        0.34018397, -0.31479854, -0.44826801, -0.6195544 ])
	3.2963178235339359: array([ 0.33333333, -0.69802835, -0.12871758, -0.33779842,  0.48454277,
        0.02033424, -0.18598744,  0.02720696,  0.02103809])
	3.6652251089077406: array([ 0.33333333,  0.29603006, -0.79325067, -0.18565619, -0.18308265,
       -0.24780489, -0.13401207,  0.08493128, -0.13206502])
	4.790052287809309: array([ 0.33333333,  0.24202143,  0.16029334, -0.23236578,  0.05322245,
        0.46332201,  0.28210497,  0.67161192, -0.04980959])
	5.7522528118518119: array([ 0.33333333,  0.24631693,  0.48253577, -0.41536804, -0.00556065,
       -0.61983718,  0.01963313, -0.08005008,  0.1783899 ])

The directed laplacian matrix is: 
[0, 0, 0, 0, 0, 0, 0, 0, 0]
[-1, 1, 0, 0, 0, 0, 0, 0, 0]
[0, -1, 1, 0, 0, 0, 0, 0, 0]
[-1, 0, 0, 1, 0, 0, 0, 0, 0]
[0, -1, 0, -1, 2, 0, 0, 0, 0]
[0, 0, -1, 0, 0, 1, 0, 0, 0]
[0, 0, 0, -1, 0, 0, 1, 0, 0]
[0, 0, 0, -1, -1, 0, -0.3, 2.3, 0]
[0, 0, 0, 0, -1, 0, 0, -1, 2]

	matrix for tree is: 
[1, 0, 0, 0, 0, 0, 0, 0]
[-1, 1, 0, 0, 0, 0, 0, 0]
[0, 0, 1, 0, 0, 0, 0, 0]
[-1, 0, -1, 2, 0, 0, 0, 0]
[0, -1, 0, 0, 1, 0, 0, 0]
[0, 0, -1, 0, 0, 1, 0, 0]
[0, 0, -1, -1, 0, -0.3, 2.3, 0]
[0, 0, 0, -1, 0, 0, -1, 2]

The number of spanning tree of pm is: 9.1999999999999993

----------------------------------------------------------------------
remove edge 8->7 
adjacent matrix is: [[0, 1, 0, 1, 0, 0, 0, 0, 0], [1, 0, 1, 0, 1, 0, 0, 0, 0], [0, 1, 0, 0, 0, 1, 0, 0, 0], [1, 0, 0, 0, 1, 0, 1, 1, 0], [0, 1, 0, 1, 0, 0, 0, 1, 1], [0, 0, 1, 0, 0, 0, 0, 0, 0], [0, 0, 0, 1, 0, 0, 0, 0, 0], [0, 0, 0, 1, 1, 0, 0, 0, 1], [0, 0, 0, 0, 1, 0, 0, 1, 0]]
parent matrix is: [[0, 0, 0, 0, 0, 0, 0, 0, 0], [1, 0, 0, 0, 0, 0, 0, 0, 0], [0, 1, 0, 0, 0, 0, 0, 0, 0], [1, 0, 0, 0, 0, 0, 0, 0, 0], [0, 1, 0, 1, 0, 0, 0, 0, 0], [0, 0, 1, 0, 0, 0, 0, 0, 0], [0, 0, 0, 1, 0, 0, 0, 0, 0], [0, 0, 0, 1, 1, 0, 0, 0, 0], [0, 0, 0, 0, 1, 0, 0, 1, 0]]

Laplacian eigenvalue and eigenvector of am is: 

Laplacian matrix is: 
[2, -1.0, 0, -1.0, 0, 0, 0, 0, 0]
[-1.0, 3, -1.0, 0, -1.0, 0, 0, 0, 0]
[0, -1.0, 2, 0, 0, -1.0, 0, 0, 0]
[-1.0, 0, 0, 4, -1.0, 0, -1.0, -1.0, 0]
[0, -1.0, 0, -1.0, 4, 0, 0, -1.0, -1.0]
[0, 0, -1.0, 0, 0, 1, 0, 0, 0]
[0, 0, 0, -1.0, 0, 0, 1, 0, 0]
[0, 0, 0, -1.0, -1.0, 0, 0, 3, -1.0]
[0, 0, 0, 0, -1.0, 0, 0, -1.0, 2]
	-5.6329612547837335e-16: array([ 0.33333333, -0.07921335,  0.00120891,  0.66416074,  0.45575808,
       -0.2770611 ,  0.29067106,  0.08429556, -0.25579191])
	0.32913982582663848: array([ 0.33333333,  0.08407907,  0.10068655,  0.41257032, -0.31477819,
       -0.04153135, -0.62344973,  0.29546079,  0.35308745])
	0.87673829203042131: array([ 0.33333333,  0.46649278, -0.01440528,  0.09807745, -0.61995593,
        0.06128525,  0.49869732, -0.12123826, -0.09973819])
	1.2862971975989972: array([ 0.33333333, -0.21643349, -0.09932863,  0.06144306,  0.18900133,
        0.35850992,  0.14955821, -0.52363205,  0.6062961 ])
	2.275972870073891: array([ 0.33333333, -0.16271601,  0.22698028, -0.05521528, -0.0637101 ,
        0.22175947, -0.39638549, -0.46734986, -0.61568663])
	3.1440746059435165: array([ 0.33333333,  0.69536514, -0.11686746, -0.34257216,  0.48586921,
       -0.02858354, -0.18959452,  0.03270699,  0.02099468])
	3.6303361247995265: array([ 0.33333333, -0.32262087, -0.80583525, -0.21461287, -0.14812331,
       -0.16720963, -0.05685897,  0.14126255, -0.12762407])
	4.7068003181200142: array([ 0.33333333, -0.22994686,  0.26741676, -0.22759436,  0.08191875,
        0.52936901,  0.21785967,  0.61189505, -0.06230407])
	5.7506407656069909: array([ 0.33333333, -0.23500642,  0.44014412, -0.39625688, -0.06597983,
       -0.65653802,  0.10950246, -0.05340076,  0.18076663])

The directed laplacian matrix is: 
[0, 0, 0, 0, 0, 0, 0, 0, 0]
[-1, 1, 0, 0, 0, 0, 0, 0, 0]
[0, -1, 1, 0, 0, 0, 0, 0, 0]
[-1, 0, 0, 1, 0, 0, 0, 0, 0]
[0, -1, 0, -1, 2, 0, 0, 0, 0]
[0, 0, -1, 0, 0, 1, 0, 0, 0]
[0, 0, 0, -1, 0, 0, 1, 0, 0]
[0, 0, 0, -1, -1, 0, 0, 2, 0]
[0, 0, 0, 0, -1, 0, 0, -1, 2]

	matrix for tree is: 
[1, 0, 0, 0, 0, 0, 0, 0]
[-1, 1, 0, 0, 0, 0, 0, 0]
[0, 0, 1, 0, 0, 0, 0, 0]
[-1, 0, -1, 2, 0, 0, 0, 0]
[0, -1, 0, 0, 1, 0, 0, 0]
[0, 0, -1, 0, 0, 1, 0, 0]
[0, 0, -1, -1, 0, 0, 2, 0]
[0, 0, 0, -1, 0, 0, -1, 2]

The number of spanning tree of pm is: 7.9999999999999982

----------------------------------------------------------------------
Ading back edge 8->7 
adjacent matrix is: [[0, 1, 0, 1, 0, 0, 0, 0, 0], [1, 0, 1, 0, 1, 0, 0, 0, 0], [0, 1, 0, 0, 0, 1, 0, 0, 0], [1, 0, 0, 0, 1, 0, 1, 1, 0], [0, 1, 0, 1, 0, 0, 0, 1, 1], [0, 0, 1, 0, 0, 0, 0, 0, 0], [0, 0, 0, 1, 0, 0, 0, 1, 0], [0, 0, 0, 1, 1, 0, 1, 0, 1], [0, 0, 0, 0, 1, 0, 0, 1, 0]]
parent matrix is: [[0, 0, 0, 0, 0, 0, 0, 0, 0], [1, 0, 0, 0, 0, 0, 0, 0, 0], [0, 1, 0, 0, 0, 0, 0, 0, 0], [1, 0, 0, 0, 0, 0, 0, 0, 0], [0, 1, 0, 1, 0, 0, 0, 0, 0], [0, 0, 1, 0, 0, 0, 0, 0, 0], [0, 0, 0, 1, 0, 0, 0, 0, 0], [0, 0, 0, 1, 1, 0, 1, 0, 0], [0, 0, 0, 0, 1, 0, 0, 1, 0]]

Laplacian eigenvalue and eigenvector of am is: 

Laplacian matrix is: 
[2, -1.0, 0, -1.0, 0, 0, 0, 0, 0]
[-1.0, 3, -1.0, 0, -1.0, 0, 0, 0, 0]
[0, -1.0, 2, 0, 0, -1.0, 0, 0, 0]
[-1.0, 0, 0, 4, -1.0, 0, -1.0, -1.0, 0]
[0, -1.0, 0, -1.0, 4, 0, 0, -1.0, -1.0]
[0, 0, -1.0, 0, 0, 1, 0, 0, 0]
[0, 0, 0, -1.0, 0, 0, 2, -1.0, 0]
[0, 0, 0, -1.0, -1.0, 0, -1.0, 4, -1.0]
[0, 0, 0, 0, -1.0, 0, 0, -1.0, 2]
	-3.8534194277404013e-16: array([-0.33333333,  0.07933741, -0.66351449,  0.07384649,  0.47422623,
        0.37513863,  0.02695431, -0.09457562,  0.24819164])
	0.33167517222715109: array([-0.33333333, -0.08042413, -0.41601829, -0.19509319, -0.26227428,
       -0.39445667, -0.55374551, -0.10629891, -0.35912514])
	1.2861776570976098: array([-0.33333333, -0.46745596, -0.09886001, -0.10141574, -0.62509968,
        0.35506009,  0.34929929,  0.03575437,  0.10104313])
	1.6396522312254003: array([-0.33333333,  0.2127847 , -0.05761318,  0.22170361,  0.10508019,
       -0.17179672,  0.50180574,  0.409937  , -0.57508824])
	2.3314748961214646: array([-0.33333333,  0.17352084,  0.04939307, -0.23782533, -0.02446349,
       -0.52924236,  0.13704398,  0.29379845,  0.64341613])
	3.5094510292261769: array([-0.33333333, -0.69944425,  0.3454498 ,  0.15854825,  0.46947913,
       -0.14148915, -0.11933877, -0.00849165, -0.02120937])
	3.9269557508628119: array([-0.33333333,  0.27751113,  0.23348762,  0.66819683, -0.25332424,
        0.20015209, -0.40396909,  0.12916702,  0.16359649])
	5.2105324914820406: array([-0.33333333,  0.25019401,  0.22428186,  0.01907963, -0.02110957,
       -0.13032306,  0.27662482, -0.82463191, -0.04070216])
	5.7640807717573459: array([-0.33333333,  0.25397623,  0.38339362, -0.60704055,  0.1374857 ,
        0.43695715, -0.21467478,  0.16534125, -0.16012249])

The directed laplacian matrix is: 
[0, 0, 0, 0, 0, 0, 0, 0, 0]
[-1, 1, 0, 0, 0, 0, 0, 0, 0]
[0, -1, 1, 0, 0, 0, 0, 0, 0]
[-1, 0, 0, 1, 0, 0, 0, 0, 0]
[0, -1, 0, -1, 2, 0, 0, 0, 0]
[0, 0, -1, 0, 0, 1, 0, 0, 0]
[0, 0, 0, -1, 0, 0, 1, 0, 0]
[0, 0, 0, -1, -1, 0, -1, 3, 0]
[0, 0, 0, 0, -1, 0, 0, -1, 2]

	matrix for tree is: 
[1, 0, 0, 0, 0, 0, 0, 0]
[-1, 1, 0, 0, 0, 0, 0, 0]
[0, 0, 1, 0, 0, 0, 0, 0]
[-1, 0, -1, 2, 0, 0, 0, 0]
[0, -1, 0, 0, 1, 0, 0, 0]
[0, 0, -1, 0, 0, 1, 0, 0]
[0, 0, -1, -1, 0, -1, 3, 0]
[0, 0, 0, -1, 0, 0, -1, 2]

The number of spanning tree of pm is: 12.0

----------------------------------------------------------------------
Reduce 8->4 to 0.7 
adjacent matrix is: [[0, 1, 0, 1, 0, 0, 0, 0, 0], [1, 0, 1, 0, 1, 0, 0, 0, 0], [0, 1, 0, 0, 0, 1, 0, 0, 0], [1, 0, 0, 0, 1, 0, 1, 0.7, 0], [0, 1, 0, 1, 0, 0, 0, 1, 1], [0, 0, 1, 0, 0, 0, 0, 0, 0], [0, 0, 0, 1, 0, 0, 0, 1, 0], [0, 0, 0, 0.7, 1, 0, 1, 0, 1], [0, 0, 0, 0, 1, 0, 0, 1, 0]]
parent matrix is: [[0, 0, 0, 0, 0, 0, 0, 0, 0], [1, 0, 0, 0, 0, 0, 0, 0, 0], [0, 1, 0, 0, 0, 0, 0, 0, 0], [1, 0, 0, 0, 0, 0, 0, 0, 0], [0, 1, 0, 1, 0, 0, 0, 0, 0], [0, 0, 1, 0, 0, 0, 0, 0, 0], [0, 0, 0, 1, 0, 0, 0, 0, 0], [0, 0, 0, 0.7, 1, 0, 1, 0, 0], [0, 0, 0, 0, 1, 0, 0, 1, 0]]

Laplacian eigenvalue and eigenvector of am is: 

Laplacian matrix is: 
[2, -1.0, 0, -1.0, 0, 0, 0, 0, 0]
[-1.0, 3, -1.0, 0, -1.0, 0, 0, 0, 0]
[0, -1.0, 2, 0, 0, -1.0, 0, 0, 0]
[-1.0, 0, 0, 3.7, -1.0, 0, -1.0, -0.7, 0]
[0, -1.0, 0, -1.0, 4, 0, 0, -1.0, -1.0]
[0, 0, -1.0, 0, 0, 1, 0, 0, 0]
[0, 0, 0, -1.0, 0, 0, 2, -1.0, 0]
[0, 0, 0, -0.7, -1.0, 0, -1.0, 3.7, -1.0]
[0, 0, 0, 0, -1.0, 0, 0, -1.0, 2]
	1.0624053677746911e-16: array([-0.33333333, -0.07688297, -0.665596  ,  0.03808622, -0.46115796,
       -0.37975607, -0.001341  , -0.17046737, -0.22927506])
	0.3311808759928645: array([-0.33333333,  0.08114871, -0.39794188, -0.22343003,  0.26710218,
        0.38899474,  0.55544265,  0.01775986,  0.37753494])
	1.2572182483469769: array([-0.33333333,  0.46732112, -0.08593872, -0.11335263,  0.62348872,
       -0.35042168, -0.35650297, -0.00721693, -0.10763637])
	1.6260952473071302: array([-0.33333333, -0.20945248, -0.09645068,  0.23767065, -0.11683863,
        0.18393962, -0.55289133,  0.44744995,  0.47522957])
	2.3258396505535424: array([-0.33333333, -0.17386693,  0.05800887, -0.23170517,  0.01773893,
        0.53229983, -0.14347355,  0.14697705, -0.68975516])
	3.5086904707186268: array([-0.33333333,  0.69872571,  0.33410817,  0.18104694, -0.47025952,
        0.13968311,  0.12282385,  0.00193534,  0.02280724])
	3.9025549623518083: array([-0.33333333, -0.27741063,  0.20031202,  0.67597065,  0.26049201,
       -0.20332917,  0.39247446,  0.13592194, -0.18210216])
	4.7290256215767528: array([-0.33333333, -0.25349569,  0.24523879,  0.01507799,  0.03196   ,
        0.12282116, -0.19381289, -0.81838442,  0.20208028])
	5.7193949231522963: array([-0.33333333, -0.25608684,  0.40825943, -0.57936462, -0.15252574,
       -0.43423154,  0.17728079,  0.24602457,  0.13111672])

The directed laplacian matrix is: 
[0, 0, 0, 0, 0, 0, 0, 0, 0]
[-1, 1, 0, 0, 0, 0, 0, 0, 0]
[0, -1, 1, 0, 0, 0, 0, 0, 0]
[-1, 0, 0, 1, 0, 0, 0, 0, 0]
[0, -1, 0, -1, 2, 0, 0, 0, 0]
[0, 0, -1, 0, 0, 1, 0, 0, 0]
[0, 0, 0, -1, 0, 0, 1, 0, 0]
[0, 0, 0, -0.7, -1, 0, -1, 2.7, 0]
[0, 0, 0, 0, -1, 0, 0, -1, 2]

	matrix for tree is: 
[1, 0, 0, 0, 0, 0, 0, 0]
[-1, 1, 0, 0, 0, 0, 0, 0]
[0, 0, 1, 0, 0, 0, 0, 0]
[-1, 0, -1, 2, 0, 0, 0, 0]
[0, -1, 0, 0, 1, 0, 0, 0]
[0, 0, -1, 0, 0, 1, 0, 0]
[0, 0, -0.7, -1, 0, -1, 2.7, 0]
[0, 0, 0, -1, 0, 0, -1, 2]

The number of spanning tree of pm is: 10.800000000000001

----------------------------------------------------------------------
Reduce 8->4 to 0.3 
adjacent matrix is: [[0, 1, 0, 1, 0, 0, 0, 0, 0], [1, 0, 1, 0, 1, 0, 0, 0, 0], [0, 1, 0, 0, 0, 1, 0, 0, 0], [1, 0, 0, 0, 1, 0, 1, 0.3, 0], [0, 1, 0, 1, 0, 0, 0, 1, 1], [0, 0, 1, 0, 0, 0, 0, 0, 0], [0, 0, 0, 1, 0, 0, 0, 1, 0], [0, 0, 0, 0.3, 1, 0, 1, 0, 1], [0, 0, 0, 0, 1, 0, 0, 1, 0]]
parent matrix is: [[0, 0, 0, 0, 0, 0, 0, 0, 0], [1, 0, 0, 0, 0, 0, 0, 0, 0], [0, 1, 0, 0, 0, 0, 0, 0, 0], [1, 0, 0, 0, 0, 0, 0, 0, 0], [0, 1, 0, 1, 0, 0, 0, 0, 0], [0, 0, 1, 0, 0, 0, 0, 0, 0], [0, 0, 0, 1, 0, 0, 0, 0, 0], [0, 0, 0, 0.3, 1, 0, 1, 0, 0], [0, 0, 0, 0, 1, 0, 0, 1, 0]]

Laplacian eigenvalue and eigenvector of am is: 

Laplacian matrix is: 
[2, -1.0, 0, -1.0, 0, 0, 0, 0, 0]
[-1.0, 3, -1.0, 0, -1.0, 0, 0, 0, 0]
[0, -1.0, 2, 0, 0, -1.0, 0, 0, 0]
[-1.0, 0, 0, 3.3, -1.0, 0, -1.0, -0.3, 0]
[0, -1.0, 0, -1.0, 4, 0, 0, -1.0, -1.0]
[0, 0, -1.0, 0, 0, 1, 0, 0, 0]
[0, 0, 0, -1.0, 0, 0, 2, -1.0, 0]
[0, 0, 0, -0.3, -1.0, 0, -1.0, 3.3, -1.0]
[0, 0, 0, 0, -1.0, 0, 0, -1.0, 2]
	-1.4538304100084122e-16: array([-0.33333333, -0.07183989, -0.66059951,  0.02743637,  0.43302521,
       -0.40210082,  0.10493609,  0.19677293, -0.21830343])
	0.33016493089784493: array([-0.33333333,  0.08262547, -0.36041952,  0.27116539, -0.27630826,
        0.3587566 ,  0.49783905, -0.28434265,  0.38063369])
	1.1940753123749432: array([-0.33333333,  0.46699459, -0.06048765,  0.1321142 , -0.61868002,
       -0.32454136, -0.35602655,  0.15147541, -0.10908834])
	1.6037652656442625: array([-0.33333333, -0.20258625, -0.17197393, -0.26029415,  0.14022161,
        0.24627612, -0.68258583, -0.14670357,  0.42750467])
	2.3142695830324662: array([-0.33333333, -0.17455831,  0.07019664,  0.21905998, -0.00381818,
        0.5455852 , -0.12754837, -0.00971656, -0.70104398])
	3.5046791690205228: array([-0.33333333,  0.69717847,  0.31167103, -0.21881716,  0.47074057,
        0.12957403,  0.12896874, -0.04747587,  0.02320089])
	3.7605647343870916: array([-0.33333333, -0.27717463,  0.14225298, -0.68471251, -0.27483117,
       -0.21875675,  0.28020966, -0.29290766, -0.1878748 ])
	4.1905768457739603: array([-0.33333333, -0.26024967,  0.28661912, -0.01101273, -0.05385053,
        0.08288261,  0.18925858,  0.7883403 ,  0.26798985])
	5.7019041588689072: array([-0.33333333, -0.26038978,  0.44274083,  0.52506061,  0.18350076,
       -0.41767562, -0.03505137, -0.35544233,  0.11698145])

The directed laplacian matrix is: 
[0, 0, 0, 0, 0, 0, 0, 0, 0]
[-1, 1, 0, 0, 0, 0, 0, 0, 0]
[0, -1, 1, 0, 0, 0, 0, 0, 0]
[-1, 0, 0, 1, 0, 0, 0, 0, 0]
[0, -1, 0, -1, 2, 0, 0, 0, 0]
[0, 0, -1, 0, 0, 1, 0, 0, 0]
[0, 0, 0, -1, 0, 0, 1, 0, 0]
[0, 0, 0, -0.3, -1, 0, -1, 2.3, 0]
[0, 0, 0, 0, -1, 0, 0, -1, 2]

	matrix for tree is: 
[1, 0, 0, 0, 0, 0, 0, 0]
[-1, 1, 0, 0, 0, 0, 0, 0]
[0, 0, 1, 0, 0, 0, 0, 0]
[-1, 0, -1, 2, 0, 0, 0, 0]
[0, -1, 0, 0, 1, 0, 0, 0]
[0, 0, -1, 0, 0, 1, 0, 0]
[0, 0, -0.3, -1, 0, -1, 2.3, 0]
[0, 0, 0, -1, 0, 0, -1, 2]

The number of spanning tree of pm is: 9.1999999999999993

----------------------------------------------------------------------
Remove edge 8->4  
adjacent matrix is: [[0, 1, 0, 1, 0, 0, 0, 0, 0], [1, 0, 1, 0, 1, 0, 0, 0, 0], [0, 1, 0, 0, 0, 1, 0, 0, 0], [1, 0, 0, 0, 1, 0, 1, 0, 0], [0, 1, 0, 1, 0, 0, 0, 1, 1], [0, 0, 1, 0, 0, 0, 0, 0, 0], [0, 0, 0, 1, 0, 0, 0, 1, 0], [0, 0, 0, 0, 1, 0, 1, 0, 1], [0, 0, 0, 0, 1, 0, 0, 1, 0]]
parent matrix is: [[0, 0, 0, 0, 0, 0, 0, 0, 0], [1, 0, 0, 0, 0, 0, 0, 0, 0], [0, 1, 0, 0, 0, 0, 0, 0, 0], [1, 0, 0, 0, 0, 0, 0, 0, 0], [0, 1, 0, 1, 0, 0, 0, 0, 0], [0, 0, 1, 0, 0, 0, 0, 0, 0], [0, 0, 0, 1, 0, 0, 0, 0, 0], [0, 0, 0, 0, 1, 0, 1, 0, 0], [0, 0, 0, 0, 1, 0, 0, 1, 0]]

Laplacian eigenvalue and eigenvector of am is: 

Laplacian matrix is: 
[2, -1.0, 0, -1.0, 0, 0, 0, 0, 0]
[-1.0, 3, -1.0, 0, -1.0, 0, 0, 0, 0]
[0, -1.0, 2, 0, 0, -1.0, 0, 0, 0]
[-1.0, 0, 0, 3, -1.0, 0, -1.0, 0, 0]
[0, -1.0, 0, -1.0, 4, 0, 0, -1.0, -1.0]
[0, 0, -1.0, 0, 0, 1, 0, 0, 0]
[0, 0, 0, -1.0, 0, 0, 2, -1.0, 0]
[0, 0, 0, 0, -1.0, 0, -1.0, 3, -1.0]
[0, 0, 0, 0, -1.0, 0, 0, -1.0, 2]
	-4.9739511080314486e-16: array([ 0.33333333, -0.06540232, -0.64357387,  0.0919866 , -0.39570771,
       -0.4288377 , -0.23577207,  0.14139572, -0.21423116])
	0.3288668385959283: array([ 0.33333333,  0.08448718, -0.31757593,  0.31363966,  0.28637411,
       -0.08428777,  0.48976329, -0.45644868,  0.38104917])
	1.1129301484520382: array([ 0.33333333,  0.46648131, -0.0325983 ,  0.14732177,  0.60988168,
        0.0855206 , -0.43226211,  0.2653865 , -0.10939726])
	1.5838437974474626: array([ 0.33333333, -0.19378317, -0.25331905, -0.27535886, -0.16774285,
        0.68548318, -0.12938257,  0.16686727,  0.41077309])
	2.2997951664939791: array([ 0.33333333, -0.17540248,  0.07688421,  0.20485438, -0.01365344,
        0.37719389,  0.40918783,  0.07158562, -0.70372262])
	3.4019183039079897: array([ 0.33333333,  0.69506521,  0.28865896, -0.25233079, -0.46921369,
       -0.03560512,  0.17095506, -0.08706846,  0.02329529])
	3.528513189283871: array([ 0.33333333, -0.27681584,  0.08865893, -0.68679214,  0.2919068 ,
       -0.22386444, -0.10503536, -0.38786176, -0.18953626])
	4.0480210732940805: array([ 0.33333333, -0.26881297,  0.33196571, -0.01045395,  0.0802306 ,
       -0.37164353,  0.28993051,  0.62748178,  0.28977407])
	5.6961114825246506: array([ 0.33333333, -0.26581691,  0.46089934,  0.46713334, -0.2220755 ,
       -0.00395912, -0.45738456, -0.34133799,  0.11199569])

The directed laplacian matrix is: 
[0, 0, 0, 0, 0, 0, 0, 0, 0]
[-1, 1, 0, 0, 0, 0, 0, 0, 0]
[0, -1, 1, 0, 0, 0, 0, 0, 0]
[-1, 0, 0, 1, 0, 0, 0, 0, 0]
[0, -1, 0, -1, 2, 0, 0, 0, 0]
[0, 0, -1, 0, 0, 1, 0, 0, 0]
[0, 0, 0, -1, 0, 0, 1, 0, 0]
[0, 0, 0, 0, -1, 0, -1, 2, 0]
[0, 0, 0, 0, -1, 0, 0, -1, 2]

	matrix for tree is: 
[1, 0, 0, 0, 0, 0, 0, 0]
[-1, 1, 0, 0, 0, 0, 0, 0]
[0, 0, 1, 0, 0, 0, 0, 0]
[-1, 0, -1, 2, 0, 0, 0, 0]
[0, -1, 0, 0, 1, 0, 0, 0]
[0, 0, -1, 0, 0, 1, 0, 0]
[0, 0, 0, -1, 0, -1, 2, 0]
[0, 0, 0, -1, 0, 0, -1, 2]

The number of spanning tree of pm is: 7.9999999999999982
