[1, 3, 3, [1, 13, 35, 31]]
[1, 3, 3, [1, 13, 35, 31]]
[1, 3, 3, [1, 13, 35, 31]]
[1, 3, 3, [1, 13, 35, 31]]
[1, 3, 3, [1, 13, 35, 31]]
[1, 3, 3, [1, 13, 35, 31]]
[12, 3, 5, [12, 14, 5, 36, 33, 31]]
[12, 3, 5, [12, 14, 5, 36, 33, 31]]
[11, 3, 3, [11, 18, 35, 31]]
[11, 3, 3, [11, 18, 35, 31]]
[22, 3, 6, [22, 14, 11, 5, 37, 35, 31]]
[22, 3, 6, [22, 14, 11, 5, 37, 35, 31]]
[25, 3, 3, [25, 36, 35, 31]]
[25, 3, 3, [25, 36, 35, 31]]
[12, 3, 4, [12, 5, 14, 35, 31]]
[12, 3, 4, [12, 5, 14, 35, 31]]
[12, 3, 4, [12, 5, 14, 35, 31]]
[12, 3, 4, [12, 5, 14, 35, 31]]
[35, 4, 1, [35, 31]]
[35, 4, 1, [35, 31]]
[18, 4, 2, [18, 35, 31]]
[18, 4, 2, [18, 35, 31]]
[11, 4, 3, [11, 18, 35, 31]]
[11, 4, 3, [11, 18, 35, 31]]
[10, 4, 4, [10, 13, 5, 35, 31]]
[10, 4, 4, [10, 13, 5, 35, 31]]
[28, 5, 2, [28, 35, 31]]
[28, 5, 2, [28, 35, 31]]
[22, 5, 3, [22, 18, 35, 31]]
[22, 5, 3, [22, 18, 35, 31]]
[22, 5, 3, [22, 18, 35, 31]]
[20, 5, 4, [20, 13, 37, 35, 31]]
[20, 5, 4, [20, 13, 37, 35, 31]]
[10, 5, 3, [10, 18, 35, 31]]
[10, 5, 3, [10, 18, 35, 31]]
[22, 5, 5, [22, 19, 5, 36, 35, 31]]
[22, 5, 5, [22, 19, 5, 36, 35, 31]]
[3, 5, 3, [3, 14, 35, 31]]
[3, 5, 3, [3, 14, 35, 31]]
[3, 5, 3, [3, 14, 35, 31]]
[14, 6, 3, [14, 37, 35, 31]]
[14, 6, 3, [14, 37, 35, 31]]
[35, 6, 1, [35, 31]]
[35, 6, 1, [35, 31]]
[13, 6, 2, [13, 35, 31]]
[33, 6, 1, [33, 31]]
[13, 6, 2, [13, 35, 31]]
[33, 6, 1, [33, 31]]
[20, 6, 4, [20, 8, 18, 35, 31]]
[20, 6, 4, [20, 8, 18, 35, 31]]
[20, 6, 4, [20, 8, 18, 35, 31]]
[20, 6, 4, [20, 8, 18, 35, 31]]
[20, 6, 4, [20, 8, 18, 35, 31]]
[8, 6, 3, [8, 14, 35, 31]]
[8, 6, 3, [8, 14, 35, 31]]
[2, 6, 4, [2, 26, 28, 35, 31]]
[2, 6, 4, [2, 26, 28, 35, 31]]
[2, 6, 4, [2, 26, 28, 35, 31]]
[3, 7, 3, [3, 14, 35, 31]]
[3, 7, 3, [3, 14, 35, 31]]
[5, 7, 2, [5, 35, 31]]
[5, 7, 2, [5, 35, 31]]
[36, 7, 2, [36, 35, 31]]
[36, 7, 2, [36, 35, 31]]
[19, 7, 3, [19, 36, 35, 31]]
[19, 7, 3, [19, 36, 35, 31]]
[19, 7, 3, [19, 36, 35, 31]]
[19, 7, 3, [19, 36, 35, 31]]
[11, 7, 4, [11, 13, 37, 35, 31]]
[11, 7, 4, [11, 13, 37, 35, 31]]
[11, 7, 4, [11, 13, 37, 35, 31]]
[12, 7, 4, [12, 1, 13, 35, 31]]
[12, 7, 4, [12, 1, 13, 35, 31]]
[12, 7, 5, [12, 22, 14, 18, 35, 31]]
[5, 8, 3, [5, 18, 35, 31]]
[1, 8, 4, [1, 14, 37, 33, 31]]
[1, 8, 4, [1, 14, 37, 33, 31]]
[5, 8, 3, [5, 18, 35, 31]]
[5, 8, 3, [5, 18, 35, 31]]
[2, 8, 3, [2, 5, 33, 31]]
[2, 8, 3, [2, 5, 33, 31]]
[20, 8, 4, [20, 8, 18, 33, 31]]
[20, 8, 4, [20, 8, 18, 33, 31]]
[11, 8, 4, [11, 14, 18, 35, 31]]
[11, 8, 4, [11, 14, 18, 35, 31]]
[10, 8, 3, [10, 14, 35, 31]]
[10, 8, 3, [10, 14, 35, 31]]
[10, 8, 3, [10, 14, 35, 31]]
[10, 8, 3, [10, 14, 35, 31]]
[10, 8, 3, [10, 14, 35, 31]]
[10, 8, 3, [10, 14, 35, 31]]
[26, 8, 2, [26, 35, 31]]
[26, 8, 2, [26, 35, 31]]
[26, 8, 2, [26, 35, 31]]
[20, 9, 5, [20, 11, 5, 37, 33, 31]]
[20, 9, 5, [20, 11, 5, 37, 33, 31]]
[20, 9, 5, [20, 11, 5, 37, 33, 31]]
[8, 9, 3, [8, 14, 33, 31]]
[8, 9, 3, [8, 14, 33, 31]]
[3, 9, 3, [3, 18, 35, 31]]
[3, 9, 3, [3, 18, 35, 31]]
[3, 9, 4, [3, 18, 35, 33, 31]]
[7, 9, 4, [7, 1, 13, 35, 31]]
[7, 9, 4, [7, 1, 13, 35, 31]]
[7, 9, 4, [7, 1, 13, 35, 31]]
[7, 9, 4, [7, 1, 13, 35, 31]]
[7, 9, 5, [7, 1, 13, 35, 33, 31]]
[33, 10, 1, [33, 31]]
[33, 10, 1, [33, 31]]
[33, 10, 1, [33, 31]]
[12, 10, 3, [12, 18, 35, 31]]
[12, 10, 3, [12, 18, 35, 31]]
[6, 10, 3, [6, 14, 33, 31]]
[6, 10, 3, [6, 14, 33, 31]]
[12, 10, 3, [12, 18, 35, 31]]
[25, 11, 2, [25, 35, 31]]
[34, 11, 1, [34, 31]]
[7, 11, 3, [7, 18, 33, 31]]
[25, 11, 2, [25, 35, 31]]
[7, 11, 3, [7, 18, 33, 31]]
[34, 11, 1, [34, 31]]
[10, 12, 3, [10, 13, 35, 31]]
[10, 12, 3, [10, 13, 35, 31]]
[35, 12, 1, [35, 31]]
[35, 12, 1, [35, 31]]
[26, 13, 2, [26, 25, 31]]
[26, 13, 2, [26, 25, 31]]
[17, 13, 3, [17, 19, 35, 31]]
[17, 13, 3, [17, 19, 35, 31]]
[36, 13, 2, [36, 35, 31]]
[36, 13, 2, [36, 35, 31]]
[22, 13, 5, [22, 17, 19, 37, 35, 31]]
[22, 13, 5, [22, 17, 19, 37, 35, 31]]
[13, 14, 3, [13, 18, 33, 31]]
[13, 14, 3, [13, 18, 33, 31]]
[30, 14, 3, [30, 36, 35, 31]]
[32, 14, 1, [32, 31]]
[32, 14, 1, [32, 31]]
[30, 14, 3, [30, 36, 35, 31]]
[2, 14, 4, [2, 19, 18, 35, 31]]
[2, 14, 4, [2, 19, 18, 35, 31]]
[25, 15, 3, [25, 28, 35, 31]]
[25, 15, 3, [25, 28, 35, 31]]
[22, 15, 3, [22, 14, 33, 31]]
[22, 15, 3, [22, 14, 33, 31]]
[26, 15, 3, [26, 25, 35, 31]]
[26, 15, 3, [26, 25, 35, 31]]
[8, 15, 3, [8, 14, 35, 31]]
[8, 15, 3, [8, 14, 35, 31]]
[1, 15, 3, [1, 14, 35, 31]]
[1, 15, 3, [1, 14, 35, 31]]
[10, 15, 4, [10, 13, 18, 35, 31]]
[10, 15, 4, [10, 13, 18, 35, 31]]
