15 3
6 3
14 3
34 3
5 3
35 3
12 3
35 4
32 4
6 4
6 4
19 4
12 4
22 4
34 5
35 5
6 5
13 5
15 5
13 5
26 5
15 5
20 5
36 6
6 6
6 6
36 7
6 7
35 7
13 7
3 8
20 8
20 8
37 8
28 8
11 8
36 8
6 8
22 8
10 9
10 9
2 9
2 9
17 9
34 9
15 9
15 9
28 9
5 10
19 10
36 10
6 10
15 10
20 10
14 10
14 10
10 10
13 11
6 11
2 11
22 11
12 11
4 11
19 12
13 12
30 12
10 12
17 12
20 12
3 13
2 13
8 13
36 13
36 13
36 13
36 13
36 13
10 13
10 13
10 13
10 13
10 13
10 13
10 13
28 14
28 14
28 14
11 14
28 14
35 18
30 20
35 21
35 21
35 21
26 22
10 22
34 23
2 27
