2250768384.0
110592.0
37748736.0
113246208.0
98304.0
5308416.0
1572864.0
1179648.0
786432.0
2359296.0
786432.0
1769472.0
75497472.0
73728.0
393216.0
393216.0
2359296.0
33554432.0
2097152.0
2359296.0
1179648.0
7077888.0
12288.0
2097152.0
9437184.0
294912.0
169869312.0
73728.0
524288.0
49152.0
1572864.0
12288.0
3145728.0
2359296.0
524288.0
262144.0
442368.0
4194304.0
786432.0
589824.0
6291456.0
393216.0
6291456.0
884736.0
1572864.0
524288.0
24576.0
524288.0
262144.0
2359296.0
196608.0
147456.0
4194304.0
589824.0
6291456.0
98304.0
3145728.0
393216.0
1048576.0
262144.0
49152.0
524288.0
3145728.0
4194304.0
2048.0
3145728.0
18874368.0
12288.0
786432.0
49152.0
8388608.0
196608.0
786432.0
1769472.0
65536.0
393216.0
4718592.0
786432.0
1048576.0
1207959552.0
524288.0
18874368.0
4718592.0
150994944.0
6291456.0
905969664.0
4718592.0
12582912.0
339738624.0
7864320.0
94371840.0
434865438720.0
78643200.0
119439360.0
2831155200.0
28311552.0
318504960.0
98304.0
4194304.0
3932160.0
12582912.0
1572864.0
18874368.0
4423680.0
2211840.0
14155776.0
524288.0
6291456.0
98304.0
28311552.0
8388608.0
1179648.0
65536.0
884736.0
377487360.0
1572864.0
1492992.0
15925248.0
196608.0
764411904.0
49152.0
5308416.0
452984832.0
141557760.0
1061683200.0
6794772480.0
566231040.0
353894400.0
106168320.0
377487360.0
2264924160.0
3317760.0
786432.0
589824.0
84934656.0
10616832.0
509607936.0
3145728.0
5308416.0
5308416.0
21233664.0
110592.0
4718592.0
28311552.0
786432.0
110592.0
884736.0
32768.0
41472.0
56623104.0
221184.0
196608.0
147456.0
1572864.0
196608.0
23887872.0
7471104.0
127401984.0
4718592.0
19005440.0
94371840.0
73728.0
1769472.0
24576.0
294912.0
98304.0
1048576.0
9216.0
1024.0
4608.0
414720.0
138240.0
69120.0
2949120.0
414720.0
342144.0
18059231232.0
56623104.0
248832.0
27648.0
98304.0
2654208.0
512.0
663552.0
28311552.0
49152.0
12288.0
2304.0
36864.0
12288.0
9216.0
196608.0
65536.0
1024.0
1024.0
27648.0
4608.0
1536.0
128.0
18432.0
2304.0
3072.0
122880.0
36864.0
98304.0
12288.0
221184.0
1437696.0
1474560.0
6605991936.0
753507532800.0
2477260800.0
31077457920.0
62097850368.0
719733620736.0
2.4291311616e+12
73728.0
110592.0
56623104.0
524288.0
36864.0
2359296.0
294912.0
12288.0
512.0
262144.0
384.0
24576.0
8192.0
24576.0
6144.0
6144.0
4096.0
131072.0
32768.0
3072.0
6144.0
6144.0
32768.0
3072.0
24576.0
16384.0
131072.0
393216.0
1536.0
768.0
8192.0
98304.0
1024.0
393216.0
