add-24: ../../../data/tossim/rctp_uniform/noise_sim/uniform_36nodes_rctp_noise_test_add-24.txt


DEBUG (0): data: 12 1 11 1 0 0 0 0 0 0 0 0 0 0 0 0 0 0 0 0 0 0 0 0 0 0 0 0 0 0 0 0 0 0 11

		1 -> 0
DEBUG (0): data: 12 2 11 9 3 10 16 22 27 21 14 6 0 0 0 0 0 0 0 0 0 0 0 0 0 0 0 0 0 0 0 0 0 0 11

		2 -> 3
		3 -> 10
		10 -> 16
		16 -> 22
		22 -> 27
		27 -> 21
		21 -> 14
		14 -> 6
		6 -> 0
DEBUG (0): data: 12 2 11 9 3 10 16 22 27 21 14 6 0 0 0 0 0 0 0 0 0 0 0 0 0 0 0 0 0 0 0 0 0 0 11

		2 -> 3
		3 -> 10
		10 -> 16
		16 -> 22
		22 -> 27
		27 -> 21
		21 -> 14
		14 -> 6
		6 -> 0
DEBUG (0): data: 12 3 11 7 10 16 27 21 14 6 0 0 0 0 0 0 0 0 0 0 0 0 0 0 0 0 0 0 0 0 0 0 0 0 11

		3 -> 10
		10 -> 16
		16 -> 27
		27 -> 21
		21 -> 14
		14 -> 6
		6 -> 0
DEBUG (0): data: 12 4 11 9 3 10 16 22 27 21 14 6 0 0 0 0 0 0 0 0 0 0 0 0 0 0 0 0 0 0 0 0 0 0 11

		4 -> 3
		3 -> 10
		10 -> 16
		16 -> 22
		22 -> 27
		27 -> 21
		21 -> 14
		14 -> 6
		6 -> 0
DEBUG (0): data: 12 6 11 1 0 0 0 0 0 0 0 0 0 0 0 0 0 0 0 0 0 0 0 0 0 0 0 0 0 0 0 0 0 0 11

		6 -> 0
DEBUG (0): data: 12 7 11 2 6 0 0 0 0 0 0 0 0 0 0 0 0 0 0 0 0 0 0 0 0 0 0 0 0 0 0 0 0 0 11

		7 -> 6
		6 -> 0
DEBUG (0): data: 12 5 11 7 10 16 27 21 14 6 0 0 0 0 0 0 0 0 0 0 0 0 0 0 0 0 0 0 0 0 0 0 0 0 11

		5 -> 10
		10 -> 16
		16 -> 27
		27 -> 21
		21 -> 14
		14 -> 6
		6 -> 0
DEBUG (0): data: 12 8 11 3 7 6 0 0 0 0 0 0 0 0 0 0 0 0 0 0 0 0 0 0 0 0 0 0 0 0 0 0 0 0 11

		8 -> 7
		7 -> 6
		6 -> 0
DEBUG (0): data: 12 8 11 3 7 6 0 0 0 0 0 0 0 0 0 0 0 0 0 0 0 0 0 0 0 0 0 0 0 0 0 0 0 0 11

		8 -> 7
		7 -> 6
		6 -> 0
DEBUG (0): data: 12 9 11 9 3 10 16 22 27 21 14 6 0 0 0 0 0 0 0 0 0 0 0 0 0 0 0 0 0 0 0 0 0 0 11

		9 -> 3
		3 -> 10
		10 -> 16
		16 -> 22
		22 -> 27
		27 -> 21
		21 -> 14
		14 -> 6
		6 -> 0
DEBUG (0): data: 12 10 11 6 16 27 21 14 6 0 0 0 0 0 0 0 0 0 0 0 0 0 0 0 0 0 0 0 0 0 0 0 0 0 11

		10 -> 16
		16 -> 27
		27 -> 21
		21 -> 14
		14 -> 6
		6 -> 0
DEBUG (0): data: 12 10 11 6 16 27 21 14 6 0 0 0 0 0 0 0 0 0 0 0 0 0 0 0 0 0 0 0 0 0 0 0 0 0 11

		10 -> 16
		16 -> 27
		27 -> 21
		21 -> 14
		14 -> 6
		6 -> 0
DEBUG (0): data: 12 12 11 4 13 7 6 0 0 0 0 0 0 0 0 0 0 0 0 0 0 0 0 0 0 0 0 0 0 0 0 0 0 0 11

		12 -> 13
		13 -> 7
		7 -> 6
		6 -> 0
DEBUG (0): data: 12 11 11 8 10 16 22 27 21 14 6 0 0 0 0 0 0 0 0 0 0 0 0 0 0 0 0 0 0 0 0 0 0 0 11

		11 -> 10
		10 -> 16
		16 -> 22
		22 -> 27
		27 -> 21
		21 -> 14
		14 -> 6
		6 -> 0
DEBUG (0): data: 12 13 11 3 7 6 0 0 0 0 0 0 0 0 0 0 0 0 0 0 0 0 0 0 0 0 0 0 0 0 0 0 0 0 11

		13 -> 7
		7 -> 6
		6 -> 0
DEBUG (0): data: 12 14 11 2 6 0 0 0 0 0 0 0 0 0 0 0 0 0 0 0 0 0 0 0 0 0 0 0 0 0 0 0 0 0 11

		14 -> 6
		6 -> 0
DEBUG (0): data: 12 16 11 5 22 21 14 6 0 0 0 0 0 0 0 0 0 0 0 0 0 0 0 0 0 0 0 0 0 0 0 0 0 0 11

		16 -> 22
		22 -> 21
		21 -> 14
		14 -> 6
		6 -> 0
DEBUG (0): data: 12 15 11 10 2 3 10 16 22 27 21 14 6 0 0 0 0 0 0 0 0 0 0 0 0 0 0 0 0 0 0 0 0 0 11

		15 -> 2
		2 -> 3
		3 -> 10
		10 -> 16
		16 -> 22
		22 -> 27
		27 -> 21
		21 -> 14
		14 -> 6
		6 -> 0
DEBUG (0): data: 12 18 11 5 12 13 7 6 0 0 0 0 0 0 0 0 0 0 0 0 0 0 0 0 0 0 0 0 0 0 0 0 0 0 11

		18 -> 12
		12 -> 13
		13 -> 7
		7 -> 6
		6 -> 0
DEBUG (0): data: 12 19 11 4 13 7 6 0 0 0 0 0 0 0 0 0 0 0 0 0 0 0 0 0 0 0 0 0 0 0 0 0 0 0 11

		19 -> 13
		13 -> 7
		7 -> 6
		6 -> 0
DEBUG (0): data: 12 19 11 4 13 7 6 0 0 0 0 0 0 0 0 0 0 0 0 0 0 0 0 0 0 0 0 0 0 0 0 0 0 0 11

		19 -> 13
		13 -> 7
		7 -> 6
		6 -> 0
DEBUG (0): data: 12 20 11 4 19 14 6 0 0 0 0 0 0 0 0 0 0 0 0 0 0 0 0 0 0 0 0 0 0 0 0 0 0 0 11

		20 -> 19
		19 -> 14
		14 -> 6
		6 -> 0
DEBUG (0): data: 12 21 11 3 14 6 0 0 0 0 0 0 0 0 0 0 0 0 0 0 0 0 0 0 0 0 0 0 0 0 0 0 0 0 11

		21 -> 14
		14 -> 6
		6 -> 0
DEBUG (0): data: 12 22 11 5 27 21 14 6 0 0 0 0 0 0 0 0 0 0 0 0 0 0 0 0 0 0 0 0 0 0 0 0 0 0 11

		22 -> 27
		27 -> 21
		21 -> 14
		14 -> 6
		6 -> 0
DEBUG (0): data: 12 24 11 6 18 12 13 7 6 0 0 0 0 0 0 0 0 0 0 0 0 0 0 0 0 0 0 0 0 0 0 0 0 0 11

		24 -> 18
		18 -> 12
		12 -> 13
		13 -> 7
		7 -> 6
		6 -> 0
DEBUG (0): data: 12 23 11 8 29 28 33 27 21 14 6 0 0 0 0 0 0 0 0 0 0 0 0 0 0 0 0 0 0 0 0 0 0 0 11

		23 -> 29
		29 -> 28
		28 -> 33
		33 -> 27
		27 -> 21
		21 -> 14
		14 -> 6
		6 -> 0
DEBUG (0): data: 12 25 11 5 19 13 7 6 0 0 0 0 0 0 0 0 0 0 0 0 0 0 0 0 0 0 0 0 0 0 0 0 0 0 11

		25 -> 19
		19 -> 13
		13 -> 7
		7 -> 6
		6 -> 0
DEBUG (0): data: 12 27 11 4 21 14 6 0 0 0 0 0 0 0 0 0 0 0 0 0 0 0 0 0 0 0 0 0 0 0 0 0 0 0 11

		27 -> 21
		21 -> 14
		14 -> 6
		6 -> 0
DEBUG (0): data: 12 28 11 5 33 21 14 6 0 0 0 0 0 0 0 0 0 0 0 0 0 0 0 0 0 0 0 0 0 0 0 0 0 0 11

		28 -> 33
		33 -> 21
		21 -> 14
		14 -> 6
		6 -> 0
DEBUG (0): data: 12 29 11 7 28 33 27 21 14 6 0 0 0 0 0 0 0 0 0 0 0 0 0 0 0 0 0 0 0 0 0 0 0 0 11

		29 -> 28
		28 -> 33
		33 -> 27
		27 -> 21
		21 -> 14
		14 -> 6
		6 -> 0
DEBUG (0): data: 12 32 11 6 33 27 21 14 6 0 0 0 0 0 0 0 0 0 0 0 0 0 0 0 0 0 0 0 0 0 0 0 0 0 11

		32 -> 33
		33 -> 27
		27 -> 21
		21 -> 14
		14 -> 6
		6 -> 0
DEBUG (0): data: 12 30 11 8 31 25 20 19 13 7 6 0 0 0 0 0 0 0 0 0 0 0 0 0 0 0 0 0 0 0 0 0 0 0 11

		30 -> 31
		31 -> 25
		25 -> 20
		20 -> 19
		19 -> 13
		13 -> 7
		7 -> 6
		6 -> 0
DEBUG (0): data: 12 30 11 8 31 25 20 19 13 7 6 0 0 0 0 0 0 0 0 0 0 0 0 0 0 0 0 0 0 0 0 0 0 0 11

		30 -> 31
		31 -> 25
		25 -> 20
		20 -> 19
		19 -> 13
		13 -> 7
		7 -> 6
		6 -> 0
DEBUG (0): data: 12 31 11 6 25 19 13 7 6 0 0 0 0 0 0 0 0 0 0 0 0 0 0 0 0 0 0 0 0 0 0 0 0 0 11

		31 -> 25
		25 -> 19
		19 -> 13
		13 -> 7
		7 -> 6
		6 -> 0
DEBUG (0): data: 12 33 11 5 27 21 14 6 0 0 0 0 0 0 0 0 0 0 0 0 0 0 0 0 0 0 0 0 0 0 0 0 0 0 11

		33 -> 27
		27 -> 21
		21 -> 14
		14 -> 6
		6 -> 0
DEBUG (0): data: 12 34 11 6 33 27 21 14 6 0 0 0 0 0 0 0 0 0 0 0 0 0 0 0 0 0 0 0 0 0 0 0 0 0 11

		34 -> 33
		33 -> 27
		27 -> 21
		21 -> 14
		14 -> 6
		6 -> 0
DEBUG (0): data: 12 35 11 7 29 28 27 21 14 6 0 0 0 0 0 0 0 0 0 0 0 0 0 0 0 0 0 0 0 0 0 0 0 0 11

		35 -> 29
		29 -> 28
		28 -> 27
		27 -> 21
		21 -> 14
		14 -> 6
		6 -> 0
[0, 0, 0, 0, 0, 0, 0, 0, 0, 0, 0, 0, 0, 0, 0, 0, 0, 0, 0, 0, 0, 0, 0, 0, 0, 0, 0, 0, 0, 0, 0, 0, 0, 0, 0, 0]
[1, 0, 0, 0, 0, 0, 0, 0, 0, 0, 0, 0, 0, 0, 0, 0, 0, 0, 0, 0, 0, 0, 0, 0, 0, 0, 0, 0, 0, 0, 0, 0, 0, 0, 0, 0]
[0, 0, 0, 3, 0, 0, 0, 0, 0, 0, 0, 0, 0, 0, 0, 0, 0, 0, 0, 0, 0, 0, 0, 0, 0, 0, 0, 0, 0, 0, 0, 0, 0, 0, 0, 0]
[0, 0, 0, 0, 0, 0, 0, 0, 0, 0, 6, 0, 0, 0, 0, 0, 0, 0, 0, 0, 0, 0, 0, 0, 0, 0, 0, 0, 0, 0, 0, 0, 0, 0, 0, 0]
[0, 0, 0, 1, 0, 0, 0, 0, 0, 0, 0, 0, 0, 0, 0, 0, 0, 0, 0, 0, 0, 0, 0, 0, 0, 0, 0, 0, 0, 0, 0, 0, 0, 0, 0, 0]
[0, 0, 0, 0, 0, 0, 0, 0, 0, 0, 1, 0, 0, 0, 0, 0, 0, 0, 0, 0, 0, 0, 0, 0, 0, 0, 0, 0, 0, 0, 0, 0, 0, 0, 0, 0]
[37, 0, 0, 0, 0, 0, 0, 0, 0, 0, 0, 0, 0, 0, 0, 0, 0, 0, 0, 0, 0, 0, 0, 0, 0, 0, 0, 0, 0, 0, 0, 0, 0, 0, 0, 0]
[0, 0, 0, 0, 0, 0, 13, 0, 0, 0, 0, 0, 0, 0, 0, 0, 0, 0, 0, 0, 0, 0, 0, 0, 0, 0, 0, 0, 0, 0, 0, 0, 0, 0, 0, 0]
[0, 0, 0, 0, 0, 0, 0, 2, 0, 0, 0, 0, 0, 0, 0, 0, 0, 0, 0, 0, 0, 0, 0, 0, 0, 0, 0, 0, 0, 0, 0, 0, 0, 0, 0, 0]
[0, 0, 0, 1, 0, 0, 0, 0, 0, 0, 0, 0, 0, 0, 0, 0, 0, 0, 0, 0, 0, 0, 0, 0, 0, 0, 0, 0, 0, 0, 0, 0, 0, 0, 0, 0]
[0, 0, 0, 0, 0, 0, 0, 0, 0, 0, 0, 0, 0, 0, 0, 0, 10, 0, 0, 0, 0, 0, 0, 0, 0, 0, 0, 0, 0, 0, 0, 0, 0, 0, 0, 0]
[0, 0, 0, 0, 0, 0, 0, 0, 0, 0, 1, 0, 0, 0, 0, 0, 0, 0, 0, 0, 0, 0, 0, 0, 0, 0, 0, 0, 0, 0, 0, 0, 0, 0, 0, 0]
[0, 0, 0, 0, 0, 0, 0, 0, 0, 0, 0, 0, 0, 3, 0, 0, 0, 0, 0, 0, 0, 0, 0, 0, 0, 0, 0, 0, 0, 0, 0, 0, 0, 0, 0, 0]
[0, 0, 0, 0, 0, 0, 0, 10, 0, 0, 0, 0, 0, 0, 0, 0, 0, 0, 0, 0, 0, 0, 0, 0, 0, 0, 0, 0, 0, 0, 0, 0, 0, 0, 0, 0]
[0, 0, 0, 0, 0, 0, 23, 0, 0, 0, 0, 0, 0, 0, 0, 0, 0, 0, 0, 0, 0, 0, 0, 0, 0, 0, 0, 0, 0, 0, 0, 0, 0, 0, 0, 0]
[0, 0, 1, 0, 0, 0, 0, 0, 0, 0, 0, 0, 0, 0, 0, 0, 0, 0, 0, 0, 0, 0, 0, 0, 0, 0, 0, 0, 0, 0, 0, 0, 0, 0, 0, 0]
[0, 0, 0, 0, 0, 0, 0, 0, 0, 0, 0, 0, 0, 0, 0, 0, 0, 0, 0, 0, 0, 0, 7, 0, 0, 0, 0, 4, 0, 0, 0, 0, 0, 0, 0, 0]
[0, 0, 0, 0, 0, 0, 0, 0, 0, 0, 0, 0, 0, 0, 0, 0, 0, 0, 0, 0, 0, 0, 0, 0, 0, 0, 0, 0, 0, 0, 0, 0, 0, 0, 0, 0]
[0, 0, 0, 0, 0, 0, 0, 0, 0, 0, 0, 0, 2, 0, 0, 0, 0, 0, 0, 0, 0, 0, 0, 0, 0, 0, 0, 0, 0, 0, 0, 0, 0, 0, 0, 0]
[0, 0, 0, 0, 0, 0, 0, 0, 0, 0, 0, 0, 0, 6, 1, 0, 0, 0, 0, 0, 0, 0, 0, 0, 0, 0, 0, 0, 0, 0, 0, 0, 0, 0, 0, 0]
[0, 0, 0, 0, 0, 0, 0, 0, 0, 0, 0, 0, 0, 0, 0, 0, 0, 0, 0, 3, 0, 0, 0, 0, 0, 0, 0, 0, 0, 0, 0, 0, 0, 0, 0, 0]
[0, 0, 0, 0, 0, 0, 0, 0, 0, 0, 0, 0, 0, 0, 21, 0, 0, 0, 0, 0, 0, 0, 0, 0, 0, 0, 0, 0, 0, 0, 0, 0, 0, 0, 0, 0]
[0, 0, 0, 0, 0, 0, 0, 0, 0, 0, 0, 0, 0, 0, 0, 0, 0, 0, 0, 0, 0, 1, 0, 0, 0, 0, 0, 7, 0, 0, 0, 0, 0, 0, 0, 0]
[0, 0, 0, 0, 0, 0, 0, 0, 0, 0, 0, 0, 0, 0, 0, 0, 0, 0, 0, 0, 0, 0, 0, 0, 0, 0, 0, 0, 0, 1, 0, 0, 0, 0, 0, 0]
[0, 0, 0, 0, 0, 0, 0, 0, 0, 0, 0, 0, 0, 0, 0, 0, 0, 0, 1, 0, 0, 0, 0, 0, 0, 0, 0, 0, 0, 0, 0, 0, 0, 0, 0, 0]
[0, 0, 0, 0, 0, 0, 0, 0, 0, 0, 0, 0, 0, 0, 0, 0, 0, 0, 0, 2, 2, 0, 0, 0, 0, 0, 0, 0, 0, 0, 0, 0, 0, 0, 0, 0]
[0, 0, 0, 0, 0, 0, 0, 0, 0, 0, 0, 0, 0, 0, 0, 0, 0, 0, 0, 0, 0, 0, 0, 0, 0, 0, 0, 0, 0, 0, 0, 0, 0, 0, 0, 0]
[0, 0, 0, 0, 0, 0, 0, 0, 0, 0, 0, 0, 0, 0, 0, 0, 0, 0, 0, 0, 0, 18, 0, 0, 0, 0, 0, 0, 0, 0, 0, 0, 0, 0, 0, 0]
[0, 0, 0, 0, 0, 0, 0, 0, 0, 0, 0, 0, 0, 0, 0, 0, 0, 0, 0, 0, 0, 0, 0, 0, 0, 0, 0, 1, 0, 0, 0, 0, 0, 3, 0, 0]
[0, 0, 0, 0, 0, 0, 0, 0, 0, 0, 0, 0, 0, 0, 0, 0, 0, 0, 0, 0, 0, 0, 0, 0, 0, 0, 0, 0, 3, 0, 0, 0, 0, 0, 0, 0]
[0, 0, 0, 0, 0, 0, 0, 0, 0, 0, 0, 0, 0, 0, 0, 0, 0, 0, 0, 0, 0, 0, 0, 0, 0, 0, 0, 0, 0, 0, 0, 2, 0, 0, 0, 0]
[0, 0, 0, 0, 0, 0, 0, 0, 0, 0, 0, 0, 0, 0, 0, 0, 0, 0, 0, 0, 0, 0, 0, 0, 0, 3, 0, 0, 0, 0, 0, 0, 0, 0, 0, 0]
[0, 0, 0, 0, 0, 0, 0, 0, 0, 0, 0, 0, 0, 0, 0, 0, 0, 0, 0, 0, 0, 0, 0, 0, 0, 0, 0, 0, 0, 0, 0, 0, 0, 1, 0, 0]
[0, 0, 0, 0, 0, 0, 0, 0, 0, 0, 0, 0, 0, 0, 0, 0, 0, 0, 0, 0, 0, 1, 0, 0, 0, 0, 0, 5, 0, 0, 0, 0, 0, 0, 0, 0]
[0, 0, 0, 0, 0, 0, 0, 0, 0, 0, 0, 0, 0, 0, 0, 0, 0, 0, 0, 0, 0, 0, 0, 0, 0, 0, 0, 0, 0, 0, 0, 0, 0, 1, 0, 0]
[0, 0, 0, 0, 0, 0, 0, 0, 0, 0, 0, 0, 0, 0, 0, 0, 0, 0, 0, 0, 0, 0, 0, 0, 0, 0, 0, 0, 0, 1, 0, 0, 0, 0, 0, 0]
3.01319918881
DEBUG (0): data: 13 1 12 1 0 0 0 0 0 0 0 0 0 0 0 0 0 0 0 0 0 0 0 0 0 0 0 0 0 0 0 0 0 0 12

		1 -> 0
DEBUG (0): data: 13 6 12 1 0 0 0 0 0 0 0 0 0 0 0 0 0 0 0 0 0 0 0 0 0 0 0 0 0 0 0 0 0 0 12

		6 -> 0
DEBUG (0): data: 13 7 12 2 6 0 0 0 0 0 0 0 0 0 0 0 0 0 0 0 0 0 0 0 0 0 0 0 0 0 0 0 0 0 12

		7 -> 6
		6 -> 0
DEBUG (0): data: 13 8 12 3 7 6 0 0 0 0 0 0 0 0 0 0 0 0 0 0 0 0 0 0 0 0 0 0 0 0 0 0 0 0 12

		8 -> 7
		7 -> 6
		6 -> 0
DEBUG (0): data: 13 8 12 3 7 6 0 0 0 0 0 0 0 0 0 0 0 0 0 0 0 0 0 0 0 0 0 0 0 0 0 0 0 0 12

		8 -> 7
		7 -> 6
		6 -> 0
DEBUG (0): data: 13 12 12 4 13 7 6 0 0 0 0 0 0 0 0 0 0 0 0 0 0 0 0 0 0 0 0 0 0 0 0 0 0 0 12

		12 -> 13
		13 -> 7
		7 -> 6
		6 -> 0
DEBUG (0): data: 13 14 12 2 6 0 0 0 0 0 0 0 0 0 0 0 0 0 0 0 0 0 0 0 0 0 0 0 0 0 0 0 0 0 12

		14 -> 6
		6 -> 0
DEBUG (0): data: 13 16 12 5 22 21 14 6 0 0 0 0 0 0 0 0 0 0 0 0 0 0 0 0 0 0 0 0 0 0 0 0 0 0 12

		16 -> 22
		22 -> 21
		21 -> 14
		14 -> 6
		6 -> 0
DEBUG (0): data: 13 18 12 5 12 13 7 6 0 0 0 0 0 0 0 0 0 0 0 0 0 0 0 0 0 0 0 0 0 0 0 0 0 0 12

		18 -> 12
		12 -> 13
		13 -> 7
		7 -> 6
		6 -> 0
DEBUG (0): data: 13 18 12 5 12 13 7 6 0 0 0 0 0 0 0 0 0 0 0 0 0 0 0 0 0 0 0 0 0 0 0 0 0 0 12

		18 -> 12
		12 -> 13
		13 -> 7
		7 -> 6
		6 -> 0
DEBUG (0): data: 13 19 12 4 13 7 6 0 0 0 0 0 0 0 0 0 0 0 0 0 0 0 0 0 0 0 0 0 0 0 0 0 0 0 12

		19 -> 13
		13 -> 7
		7 -> 6
		6 -> 0
DEBUG (0): data: 13 19 12 4 13 7 6 0 0 0 0 0 0 0 0 0 0 0 0 0 0 0 0 0 0 0 0 0 0 0 0 0 0 0 12

		19 -> 13
		13 -> 7
		7 -> 6
		6 -> 0
DEBUG (0): data: 13 20 12 3 19 6 0 0 0 0 0 0 0 0 0 0 0 0 0 0 0 0 0 0 0 0 0 0 0 0 0 0 0 0 12

		20 -> 19
		19 -> 6
		6 -> 0
DEBUG (0): data: 13 21 12 3 14 6 0 0 0 0 0 0 0 0 0 0 0 0 0 0 0 0 0 0 0 0 0 0 0 0 0 0 0 0 12

		21 -> 14
		14 -> 6
		6 -> 0
DEBUG (0): data: 13 22 12 5 27 21 14 6 0 0 0 0 0 0 0 0 0 0 0 0 0 0 0 0 0 0 0 0 0 0 0 0 0 0 12

		22 -> 27
		27 -> 21
		21 -> 14
		14 -> 6
		6 -> 0
DEBUG (0): data: 13 23 12 7 29 33 27 21 14 6 0 0 0 0 0 0 0 0 0 0 0 0 0 0 0 0 0 0 0 0 0 0 0 0 12

		23 -> 29
		29 -> 33
		33 -> 27
		27 -> 21
		21 -> 14
		14 -> 6
		6 -> 0
DEBUG (0): data: 13 24 12 6 18 12 13 7 6 0 0 0 0 0 0 0 0 0 0 0 0 0 0 0 0 0 0 0 0 0 0 0 0 0 12

		24 -> 18
		18 -> 12
		12 -> 13
		13 -> 7
		7 -> 6
		6 -> 0
DEBUG (0): data: 13 25 12 6 19 19 13 7 6 0 0 0 0 0 0 0 0 0 0 0 0 0 0 0 0 0 0 0 0 0 0 0 0 0 12

		25 -> 19
		19 -> 13
		13 -> 7
		7 -> 6
		6 -> 0
DEBUG (0): data: 13 26 12 5 27 21 14 6 0 0 0 0 0 0 0 0 0 0 0 0 0 0 0 0 0 0 0 0 0 0 0 0 0 0 12

		26 -> 27
		27 -> 21
		21 -> 14
		14 -> 6
		6 -> 0
DEBUG (0): data: 13 27 12 4 21 14 6 0 0 0 0 0 0 0 0 0 0 0 0 0 0 0 0 0 0 0 0 0 0 0 0 0 0 0 12

		27 -> 21
		21 -> 14
		14 -> 6
		6 -> 0
DEBUG (0): data: 13 29 12 7 28 33 27 21 14 6 0 0 0 0 0 0 0 0 0 0 0 0 0 0 0 0 0 0 0 0 0 0 0 0 12

		29 -> 28
		28 -> 33
		33 -> 27
		27 -> 21
		21 -> 14
		14 -> 6
		6 -> 0
DEBUG (0): data: 13 30 12 7 31 25 19 13 7 6 0 0 0 0 0 0 0 0 0 0 0 0 0 0 0 0 0 0 0 0 0 0 0 0 12

		30 -> 31
		31 -> 25
		25 -> 19
		19 -> 13
		13 -> 7
		7 -> 6
		6 -> 0
DEBUG (0): data: 13 32 12 6 26 27 21 14 6 0 0 0 0 0 0 0 0 0 0 0 0 0 0 0 0 0 0 0 0 0 0 0 0 0 12

		32 -> 26
		26 -> 27
		27 -> 21
		21 -> 14
		14 -> 6
		6 -> 0
DEBUG (0): data: 13 33 12 5 27 21 14 6 0 0 0 0 0 0 0 0 0 0 0 0 0 0 0 0 0 0 0 0 0 0 0 0 0 0 12

		33 -> 27
		27 -> 21
		21 -> 14
		14 -> 6
		6 -> 0
DEBUG (0): data: 13 34 12 6 33 27 21 14 6 0 0 0 0 0 0 0 0 0 0 0 0 0 0 0 0 0 0 0 0 0 0 0 0 0 12

		34 -> 33
		33 -> 27
		27 -> 21
		21 -> 14
		14 -> 6
		6 -> 0
DEBUG (0): data: 13 31 12 6 25 19 13 7 6 0 0 0 0 0 0 0 0 0 0 0 0 0 0 0 0 0 0 0 0 0 0 0 0 0 12

		31 -> 25
		25 -> 19
		19 -> 13
		13 -> 7
		7 -> 6
		6 -> 0
DEBUG (0): data: 13 35 12 7 29 28 27 21 14 6 0 0 0 0 0 0 0 0 0 0 0 0 0 0 0 0 0 0 0 0 0 0 0 0 12

		35 -> 29
		29 -> 28
		28 -> 27
		27 -> 21
		21 -> 14
		14 -> 6
		6 -> 0
DEBUG (0): data: 13 10 12 36 5 11 10 5 11 5 10 5 10 11 5 10 5 10 11 5 10 11 5 10 11 5 10 11 5 10 11 5 10 0 12

	----- Loop: DEBUG (0): data: 13 10 12 36 5 11 10 5 11 5 10 5 10 11 5 10 5 10 11 5 10 11 5 10 11 5 10 11 5 10 11 5 10 0 12

DEBUG (0): data: 13 10 12 36 5 11 10 5 11 5 10 5 10 11 5 10 5 10 11 5 10 11 5 10 11 5 10 11 5 10 11 5 10 0 12

	----- Loop: DEBUG (0): data: 13 10 12 36 5 11 10 5 11 5 10 5 10 11 5 10 5 10 11 5 10 11 5 10 11 5 10 11 5 10 11 5 10 0 12

DEBUG (0): data: 13 5 12 45 3 5 3 10 5 3 10 5 11 5 10 5 10 11 5 10 5 10 11 5 10 11 5 10 11 5 10 11 5 0 12

	----- Loop: DEBUG (0): data: 13 5 12 45 3 5 3 10 5 3 10 5 11 5 10 5 10 11 5 10 5 10 11 5 10 11 5 10 11 5 10 11 5 0 12

DEBUG (0): data: 13 5 12 43 3 5 3 10 5 3 10 5 11 5 10 5 10 11 5 10 5 10 11 5 10 11 5 10 11 5 10 11 5 0 12

	----- Loop: DEBUG (0): data: 13 5 12 43 3 5 3 10 5 3 10 5 11 5 10 5 10 11 5 10 5 10 11 5 10 11 5 10 11 5 10 11 5 0 12

DEBUG (0): data: 13 2 12 49 3 10 5 11 5 11 5 3 10 5 11 5 10 11 5 10 5 10 11 5 10 11 5 10 11 5 10 11 5 0 12

	----- Loop: DEBUG (0): data: 13 2 12 49 3 10 5 11 5 11 5 3 10 5 11 5 10 11 5 10 5 10 11 5 10 11 5 10 11 5 10 11 5 0 12

[0, 0, 0, 0, 0, 0, 0, 0, 0, 0, 0, 0, 0, 0, 0, 0, 0, 0, 0, 0, 0, 0, 0, 0, 0, 0, 0, 0, 0, 0, 0, 0, 0, 0, 0, 0]
[1, 0, 0, 0, 0, 0, 0, 0, 0, 0, 0, 0, 0, 0, 0, 0, 0, 0, 0, 0, 0, 0, 0, 0, 0, 0, 0, 0, 0, 0, 0, 0, 0, 0, 0, 0]
[0, 0, 0, 0, 0, 0, 0, 0, 0, 0, 0, 0, 0, 0, 0, 0, 0, 0, 0, 0, 0, 0, 0, 0, 0, 0, 0, 0, 0, 0, 0, 0, 0, 0, 0, 0]
[0, 0, 0, 0, 0, 0, 0, 0, 0, 0, 0, 0, 0, 0, 0, 0, 0, 0, 0, 0, 0, 0, 0, 0, 0, 0, 0, 0, 0, 0, 0, 0, 0, 0, 0, 0]
[0, 0, 0, 0, 0, 0, 0, 0, 0, 0, 0, 0, 0, 0, 0, 0, 0, 0, 0, 0, 0, 0, 0, 0, 0, 0, 0, 0, 0, 0, 0, 0, 0, 0, 0, 0]
[0, 0, 0, 0, 0, 0, 0, 0, 0, 0, 0, 0, 0, 0, 0, 0, 0, 0, 0, 0, 0, 0, 0, 0, 0, 0, 0, 0, 0, 0, 0, 0, 0, 0, 0, 0]
[26, 0, 0, 0, 0, 0, 0, 0, 0, 0, 0, 0, 0, 0, 0, 0, 0, 0, 0, 0, 0, 0, 0, 0, 0, 0, 0, 0, 0, 0, 0, 0, 0, 0, 0, 0]
[0, 0, 0, 0, 0, 0, 12, 0, 0, 0, 0, 0, 0, 0, 0, 0, 0, 0, 0, 0, 0, 0, 0, 0, 0, 0, 0, 0, 0, 0, 0, 0, 0, 0, 0, 0]
[0, 0, 0, 0, 0, 0, 0, 2, 0, 0, 0, 0, 0, 0, 0, 0, 0, 0, 0, 0, 0, 0, 0, 0, 0, 0, 0, 0, 0, 0, 0, 0, 0, 0, 0, 0]
[0, 0, 0, 0, 0, 0, 0, 0, 0, 0, 0, 0, 0, 0, 0, 0, 0, 0, 0, 0, 0, 0, 0, 0, 0, 0, 0, 0, 0, 0, 0, 0, 0, 0, 0, 0]
[0, 0, 0, 0, 0, 0, 0, 0, 0, 0, 0, 0, 0, 0, 0, 0, 0, 0, 0, 0, 0, 0, 0, 0, 0, 0, 0, 0, 0, 0, 0, 0, 0, 0, 0, 0]
[0, 0, 0, 0, 0, 0, 0, 0, 0, 0, 0, 0, 0, 0, 0, 0, 0, 0, 0, 0, 0, 0, 0, 0, 0, 0, 0, 0, 0, 0, 0, 0, 0, 0, 0, 0]
[0, 0, 0, 0, 0, 0, 0, 0, 0, 0, 0, 0, 0, 4, 0, 0, 0, 0, 0, 0, 0, 0, 0, 0, 0, 0, 0, 0, 0, 0, 0, 0, 0, 0, 0, 0]
[0, 0, 0, 0, 0, 0, 0, 9, 0, 0, 0, 0, 0, 0, 0, 0, 0, 0, 0, 0, 0, 0, 0, 0, 0, 0, 0, 0, 0, 0, 0, 0, 0, 0, 0, 0]
[0, 0, 0, 0, 0, 0, 12, 0, 0, 0, 0, 0, 0, 0, 0, 0, 0, 0, 0, 0, 0, 0, 0, 0, 0, 0, 0, 0, 0, 0, 0, 0, 0, 0, 0, 0]
[0, 0, 0, 0, 0, 0, 0, 0, 0, 0, 0, 0, 0, 0, 0, 0, 0, 0, 0, 0, 0, 0, 0, 0, 0, 0, 0, 0, 0, 0, 0, 0, 0, 0, 0, 0]
[0, 0, 0, 0, 0, 0, 0, 0, 0, 0, 0, 0, 0, 0, 0, 0, 0, 0, 0, 0, 0, 0, 1, 0, 0, 0, 0, 0, 0, 0, 0, 0, 0, 0, 0, 0]
[0, 0, 0, 0, 0, 0, 0, 0, 0, 0, 0, 0, 0, 0, 0, 0, 0, 0, 0, 0, 0, 0, 0, 0, 0, 0, 0, 0, 0, 0, 0, 0, 0, 0, 0, 0]
[0, 0, 0, 0, 0, 0, 0, 0, 0, 0, 0, 0, 3, 0, 0, 0, 0, 0, 0, 0, 0, 0, 0, 0, 0, 0, 0, 0, 0, 0, 0, 0, 0, 0, 0, 0]
[0, 0, 0, 0, 0, 0, 1, 0, 0, 0, 0, 0, 0, 5, 0, 0, 0, 0, 0, 0, 0, 0, 0, 0, 0, 0, 0, 0, 0, 0, 0, 0, 0, 0, 0, 0]
[0, 0, 0, 0, 0, 0, 0, 0, 0, 0, 0, 0, 0, 0, 0, 0, 0, 0, 0, 1, 0, 0, 0, 0, 0, 0, 0, 0, 0, 0, 0, 0, 0, 0, 0, 0]
[0, 0, 0, 0, 0, 0, 0, 0, 0, 0, 0, 0, 0, 0, 11, 0, 0, 0, 0, 0, 0, 0, 0, 0, 0, 0, 0, 0, 0, 0, 0, 0, 0, 0, 0, 0]
[0, 0, 0, 0, 0, 0, 0, 0, 0, 0, 0, 0, 0, 0, 0, 0, 0, 0, 0, 0, 0, 1, 0, 0, 0, 0, 0, 1, 0, 0, 0, 0, 0, 0, 0, 0]
[0, 0, 0, 0, 0, 0, 0, 0, 0, 0, 0, 0, 0, 0, 0, 0, 0, 0, 0, 0, 0, 0, 0, 0, 0, 0, 0, 0, 0, 1, 0, 0, 0, 0, 0, 0]
[0, 0, 0, 0, 0, 0, 0, 0, 0, 0, 0, 0, 0, 0, 0, 0, 0, 0, 1, 0, 0, 0, 0, 0, 0, 0, 0, 0, 0, 0, 0, 0, 0, 0, 0, 0]
[0, 0, 0, 0, 0, 0, 0, 0, 0, 0, 0, 0, 0, 0, 0, 0, 0, 0, 0, 3, 0, 0, 0, 0, 0, 0, 0, 0, 0, 0, 0, 0, 0, 0, 0, 0]
[0, 0, 0, 0, 0, 0, 0, 0, 0, 0, 0, 0, 0, 0, 0, 0, 0, 0, 0, 0, 0, 0, 0, 0, 0, 0, 0, 2, 0, 0, 0, 0, 0, 0, 0, 0]
[0, 0, 0, 0, 0, 0, 0, 0, 0, 0, 0, 0, 0, 0, 0, 0, 0, 0, 0, 0, 0, 9, 0, 0, 0, 0, 0, 0, 0, 0, 0, 0, 0, 0, 0, 0]
[0, 0, 0, 0, 0, 0, 0, 0, 0, 0, 0, 0, 0, 0, 0, 0, 0, 0, 0, 0, 0, 0, 0, 0, 0, 0, 0, 1, 0, 0, 0, 0, 0, 1, 0, 0]
[0, 0, 0, 0, 0, 0, 0, 0, 0, 0, 0, 0, 0, 0, 0, 0, 0, 0, 0, 0, 0, 0, 0, 0, 0, 0, 0, 0, 2, 0, 0, 0, 0, 1, 0, 0]
[0, 0, 0, 0, 0, 0, 0, 0, 0, 0, 0, 0, 0, 0, 0, 0, 0, 0, 0, 0, 0, 0, 0, 0, 0, 0, 0, 0, 0, 0, 0, 1, 0, 0, 0, 0]
[0, 0, 0, 0, 0, 0, 0, 0, 0, 0, 0, 0, 0, 0, 0, 0, 0, 0, 0, 0, 0, 0, 0, 0, 0, 2, 0, 0, 0, 0, 0, 0, 0, 0, 0, 0]
[0, 0, 0, 0, 0, 0, 0, 0, 0, 0, 0, 0, 0, 0, 0, 0, 0, 0, 0, 0, 0, 0, 0, 0, 0, 0, 1, 0, 0, 0, 0, 0, 0, 0, 0, 0]
[0, 0, 0, 0, 0, 0, 0, 0, 0, 0, 0, 0, 0, 0, 0, 0, 0, 0, 0, 0, 0, 0, 0, 0, 0, 0, 0, 4, 0, 0, 0, 0, 0, 0, 0, 0]
[0, 0, 0, 0, 0, 0, 0, 0, 0, 0, 0, 0, 0, 0, 0, 0, 0, 0, 0, 0, 0, 0, 0, 0, 0, 0, 0, 0, 0, 0, 0, 0, 0, 1, 0, 0]
[0, 0, 0, 0, 0, 0, 0, 0, 0, 0, 0, 0, 0, 0, 0, 0, 0, 0, 0, 0, 0, 0, 0, 0, 0, 0, 0, 0, 0, 1, 0, 0, 0, 0, 0, 0]
2.79951322656
