add-26: ../../../data/tossim/ctp_uniform/noise_sim/uniform_36nodes_ctp_noise_test_add-26.txt


---------------------------------- cycle_count: 2
DEBUG (0): data: 3 1 2 1 0 0 0 0 0 0 0 0 0 0 0 0 0 0 0 0 0 0 0 0 0 0 0 0 0 0 0 0 0 0 2

DEBUG (0): data: 3 6 2 1 0 0 0 0 0 0 0 0 0 0 0 0 0 0 0 0 0 0 0 0 0 0 0 0 0 0 0 0 0 0 2

DEBUG (0): data: 3 7 2 2 6 0 0 0 0 0 0 0 0 0 0 0 0 0 0 0 0 0 0 0 0 0 0 0 0 0 0 0 0 0 2

DEBUG (0): data: 3 8 2 3 7 6 0 0 0 0 0 0 0 0 0 0 0 0 0 0 0 0 0 0 0 0 0 0 0 0 0 0 0 0 2

DEBUG (0): data: 3 8 2 3 7 6 0 0 0 0 0 0 0 0 0 0 0 0 0 0 0 0 0 0 0 0 0 0 0 0 0 0 0 0 2

DEBUG (0): data: 3 8 2 3 7 6 0 0 0 0 0 0 0 0 0 0 0 0 0 0 0 0 0 0 0 0 0 0 0 0 0 0 0 0 2

DEBUG (0): data: 3 2 2 15 3 10 16 22 27 21 14 19 18 12 13 8 7 6 0 0 0 0 0 0 0 0 0 0 0 0 0 0 0 0 2

DEBUG (0): data: 3 12 2 5 13 8 7 6 0 0 0 0 0 0 0 0 0 0 0 0 0 0 0 0 0 0 0 0 0 0 0 0 0 0 2

DEBUG (0): data: 3 12 2 5 13 8 7 6 0 0 0 0 0 0 0 0 0 0 0 0 0 0 0 0 0 0 0 0 0 0 0 0 0 0 2

DEBUG (0): data: 3 13 2 4 8 7 6 0 0 0 0 0 0 0 0 0 0 0 0 0 0 0 0 0 0 0 0 0 0 0 0 0 0 0 2

DEBUG (0): data: 3 14 2 4 19 7 6 0 0 0 0 0 0 0 0 0 0 0 0 0 0 0 0 0 0 0 0 0 0 0 0 0 0 0 2

DEBUG (0): data: 3 5 2 12 11 10 16 22 27 21 14 19 8 7 6 0 0 0 0 0 0 0 0 0 0 0 0 0 0 0 0 0 0 0 2

DEBUG (0): data: 3 3 2 14 10 16 22 27 21 14 19 18 12 13 8 7 6 0 0 0 0 0 0 0 0 0 0 0 0 0 0 0 0 0 2

DEBUG (0): data: 3 21 2 5 14 8 7 6 0 0 0 0 0 0 0 0 0 0 0 0 0 0 0 0 0 0 0 0 0 0 0 0 0 0 2

DEBUG (0): data: 3 21 2 5 14 8 7 6 0 0 0 0 0 0 0 0 0 0 0 0 0 0 0 0 0 0 0 0 0 0 0 0 0 0 2

DEBUG (0): data: 3 5 2 15 11 10 16 22 27 21 14 19 18 12 13 8 7 6 0 0 0 0 0 0 0 0 0 0 0 0 0 0 0 0 2

DEBUG (0): data: 3 18 2 6 12 13 8 7 6 0 0 0 0 0 0 0 0 0 0 0 0 0 0 0 0 0 0 0 0 0 0 0 0 0 2

DEBUG (0): data: 3 10 2 9 16 22 27 21 14 8 7 6 0 0 0 0 0 0 0 0 0 0 0 0 0 0 0 0 0 0 0 0 0 0 2

DEBUG (0): data: 3 10 2 9 16 22 27 21 14 8 7 6 0 0 0 0 0 0 0 0 0 0 0 0 0 0 0 0 0 0 0 0 0 0 2

DEBUG (0): data: 3 20 2 7 18 12 13 8 7 6 0 0 0 0 0 0 0 0 0 0 0 0 0 0 0 0 0 0 0 0 0 0 0 0 2

DEBUG (0): data: 3 5 2 14 11 10 16 22 27 21 14 19 20 14 8 7 6 0 0 0 0 0 0 0 0 0 0 0 0 0 0 0 0 0 2

DEBUG (0): data: 3 19 2 6 8 14 8 7 6 0 0 0 0 0 0 0 0 0 0 0 0 0 0 0 0 0 0 0 0 0 0 0 0 0 2

DEBUG (0): data: 3 24 2 7 18 12 13 8 7 6 0 0 0 0 0 0 0 0 0 0 0 0 0 0 0 0 0 0 0 0 0 0 0 0 2

DEBUG (0): data: 3 15 2 12 2 3 10 16 22 27 21 14 8 7 6 0 0 0 0 0 0 0 0 0 0 0 0 0 0 0 0 0 0 0 2

DEBUG (0): data: 3 25 2 7 19 20 14 8 7 6 0 0 0 0 0 0 0 0 0 0 0 0 0 0 0 0 0 0 0 0 0 0 0 0 2

DEBUG (0): data: 3 17 2 36 11 5 10 16 22 27 28 27 33 28 29 34 33 28 29 34 33 28 27 33 28 29 34 35 29 28 33 27 22 0 2

DEBUG (0): data: 3 28 2 35 27 28 29 34 33 28 29 34 33 28 29 34 35 29 28 29 28 29 34 35 29 28 33 34 35 29 28 33 27 0 2

DEBUG (0): data: 3 23 2 35 29 28 27 28 27 33 28 29 34 33 28 29 34 33 28 27 33 28 27 28 33 34 35 29 28 33 27 22 27 0 2

DEBUG (0): data: 3 35 2 35 29 28 27 33 28 29 34 33 28 29 34 33 28 27 33 28 29 28 29 28 33 34 35 29 28 33 27 22 27 0 2

DEBUG (0): data: 3 17 2 38 11 5 10 16 22 27 28 27 33 28 29 34 33 28 29 34 33 28 27 33 28 29 34 35 29 28 33 27 22 0 2

DEBUG (0): data: 3 17 2 38 11 5 10 16 22 27 28 27 33 28 29 34 33 28 29 34 33 28 27 33 28 29 34 35 29 28 33 27 22 0 2

DEBUG (0): data: 3 11 2 41 10 11 5 10 16 22 27 28 27 33 28 29 34 33 28 29 34 33 28 27 33 28 27 22 16 23 29 28 33 0 2

DEBUG (0): data: 3 11 2 40 10 11 5 10 16 22 27 28 27 33 28 29 34 33 28 29 34 33 28 27 33 28 27 22 16 23 29 28 33 0 2

DEBUG (0): data: 3 11 2 40 10 11 5 10 16 22 27 28 27 33 28 29 34 33 28 29 34 33 28 27 33 28 27 22 16 23 29 28 33 0 2

DEBUG (0): data: 3 27 2 32 21 27 33 28 29 34 33 28 29 34 33 28 27 33 28 29 34 35 29 28 33 34 29 28 33 27 21 14 8 0 2

DEBUG (0): data: 3 34 2 35 33 27 28 29 34 33 28 29 34 33 28 29 34 35 29 28 29 28 33 34 35 29 28 33 34 29 28 33 27 0 2

DEBUG (0): data: 4 1 3 1 0 0 0 0 0 0 0 0 0 0 0 0 0 0 0 0 0 0 0 0 0 0 0 0 0 0 0 0 0 0 3

DEBUG (0): data: 4 6 3 1 0 0 0 0 0 0 0 0 0 0 0 0 0 0 0 0 0 0 0 0 0 0 0 0 0 0 0 0 0 0 3

DEBUG (0): data: 4 7 3 2 6 0 0 0 0 0 0 0 0 0 0 0 0 0 0 0 0 0 0 0 0 0 0 0 0 0 0 0 0 0 3

DEBUG (0): data: 4 3 3 8 10 16 21 14 8 7 6 0 0 0 0 0 0 0 0 0 0 0 0 0 0 0 0 0 0 0 0 0 0 0 3

DEBUG (0): data: 4 8 3 3 7 6 0 0 0 0 0 0 0 0 0 0 0 0 0 0 0 0 0 0 0 0 0 0 0 0 0 0 0 0 3

DEBUG (0): data: 4 5 3 9 11 10 16 21 14 8 7 6 0 0 0 0 0 0 0 0 0 0 0 0 0 0 0 0 0 0 0 0 0 0 3

DEBUG (0): data: 4 14 3 4 8 7 6 0 0 0 0 0 0 0 0 0 0 0 0 0 0 0 0 0 0 0 0 0 0 0 0 0 0 0 3

DEBUG (0): data: 4 13 3 4 8 7 6 0 0 0 0 0 0 0 0 0 0 0 0 0 0 0 0 0 0 0 0 0 0 0 0 0 0 0 3

DEBUG (0): data: 4 4 3 9 10 10 16 21 14 8 7 6 0 0 0 0 0 0 0 0 0 0 0 0 0 0 0 0 0 0 0 0 0 0 3

DEBUG (0): data: 4 4 3 9 10 10 16 21 14 8 7 6 0 0 0 0 0 0 0 0 0 0 0 0 0 0 0 0 0 0 0 0 0 0 3

DEBUG (0): data: 4 10 3 7 16 21 14 8 7 6 0 0 0 0 0 0 0 0 0 0 0 0 0 0 0 0 0 0 0 0 0 0 0 0 3

DEBUG (0): data: 4 12 3 8 18 20 21 14 8 7 6 0 0 0 0 0 0 0 0 0 0 0 0 0 0 0 0 0 0 0 0 0 0 0 3

DEBUG (0): data: 4 12 3 8 18 20 21 14 8 7 6 0 0 0 0 0 0 0 0 0 0 0 0 0 0 0 0 0 0 0 0 0 0 0 3

DEBUG (0): data: 4 19 3 5 14 8 7 6 0 0 0 0 0 0 0 0 0 0 0 0 0 0 0 0 0 0 0 0 0 0 0 0 0 0 3

DEBUG (0): data: 4 11 3 8 10 16 21 14 8 7 6 0 0 0 0 0 0 0 0 0 0 0 0 0 0 0 0 0 0 0 0 0 0 0 3

DEBUG (0): data: 4 11 3 8 10 16 21 14 8 7 6 0 0 0 0 0 0 0 0 0 0 0 0 0 0 0 0 0 0 0 0 0 0 0 3

DEBUG (0): data: 4 21 3 5 14 8 7 6 0 0 0 0 0 0 0 0 0 0 0 0 0 0 0 0 0 0 0 0 0 0 0 0 0 0 3

DEBUG (0): data: 4 21 3 5 14 8 7 6 0 0 0 0 0 0 0 0 0 0 0 0 0 0 0 0 0 0 0 0 0 0 0 0 0 0 3

DEBUG (0): data: 4 12 3 7 18 20 14 8 7 6 0 0 0 0 0 0 0 0 0 0 0 0 0 0 0 0 0 0 0 0 0 0 0 0 3

DEBUG (0): data: 4 9 3 9 16 10 16 21 14 8 7 6 0 0 0 0 0 0 0 0 0 0 0 0 0 0 0 0 0 0 0 0 0 0 3

DEBUG (0): data: 4 18 3 6 20 14 8 7 6 0 0 0 0 0 0 0 0 0 0 0 0 0 0 0 0 0 0 0 0 0 0 0 0 0 3

DEBUG (0): data: 4 22 3 7 27 21 14 8 7 6 0 0 0 0 0 0 0 0 0 0 0 0 0 0 0 0 0 0 0 0 0 0 0 0 3

DEBUG (0): data: 4 25 3 6 19 14 8 7 6 0 0 0 0 0 0 0 0 0 0 0 0 0 0 0 0 0 0 0 0 0 0 0 0 0 3

DEBUG (0): data: 4 25 3 6 19 14 8 7 6 0 0 0 0 0 0 0 0 0 0 0 0 0 0 0 0 0 0 0 0 0 0 0 0 0 3

DEBUG (0): data: 4 20 3 5 21 8 7 6 0 0 0 0 0 0 0 0 0 0 0 0 0 0 0 0 0 0 0 0 0 0 0 0 0 0 3

DEBUG (0): data: 4 20 3 5 21 8 7 6 0 0 0 0 0 0 0 0 0 0 0 0 0 0 0 0 0 0 0 0 0 0 0 0 0 0 3

DEBUG (0): data: 4 24 3 7 18 19 14 8 7 6 0 0 0 0 0 0 0 0 0 0 0 0 0 0 0 0 0 0 0 0 0 0 0 0 3

DEBUG (0): data: 4 24 3 7 18 19 14 8 7 6 0 0 0 0 0 0 0 0 0 0 0 0 0 0 0 0 0 0 0 0 0 0 0 0 3

DEBUG (0): data: 4 17 3 9 11 10 16 21 14 8 7 6 0 0 0 0 0 0 0 0 0 0 0 0 0 0 0 0 0 0 0 0 0 0 3

DEBUG (0): data: 4 15 3 10 9 3 10 16 21 14 8 7 6 0 0 0 0 0 0 0 0 0 0 0 0 0 0 0 0 0 0 0 0 0 3

DEBUG (0): data: 4 23 3 7 16 21 14 8 7 6 0 0 0 0 0 0 0 0 0 0 0 0 0 0 0 0 0 0 0 0 0 0 0 0 3

DEBUG (0): data: 4 27 3 6 21 14 8 7 6 0 0 0 0 0 0 0 0 0 0 0 0 0 0 0 0 0 0 0 0 0 0 0 0 0 3

DEBUG (0): data: 4 28 3 7 27 21 14 8 7 6 0 0 0 0 0 0 0 0 0 0 0 0 0 0 0 0 0 0 0 0 0 0 0 0 3

DEBUG (0): data: 4 35 3 9 29 23 16 21 14 8 7 6 0 0 0 0 0 0 0 0 0 0 0 0 0 0 0 0 0 0 0 0 0 0 3

DEBUG (0): data: 4 29 3 9 28 27 16 21 14 8 7 6 0 0 0 0 0 0 0 0 0 0 0 0 0 0 0 0 0 0 0 0 0 0 3

DEBUG (0): data: 4 34 3 9 33 27 16 21 14 8 7 6 0 0 0 0 0 0 0 0 0 0 0 0 0 0 0 0 0 0 0 0 0 0 3

DEBUG (0): data: 5 1 4 1 0 0 0 0 0 0 0 0 0 0 0 0 0 0 0 0 0 0 0 0 0 0 0 0 0 0 0 0 0 0 4

DEBUG (0): data: 5 6 4 1 0 0 0 0 0 0 0 0 0 0 0 0 0 0 0 0 0 0 0 0 0 0 0 0 0 0 0 0 0 0 4

DEBUG (0): data: 5 7 4 2 6 0 0 0 0 0 0 0 0 0 0 0 0 0 0 0 0 0 0 0 0 0 0 0 0 0 0 0 0 0 4

DEBUG (0): data: 5 8 4 3 7 6 0 0 0 0 0 0 0 0 0 0 0 0 0 0 0 0 0 0 0 0 0 0 0 0 0 0 0 0 4

DEBUG (0): data: 5 13 4 4 8 7 6 0 0 0 0 0 0 0 0 0 0 0 0 0 0 0 0 0 0 0 0 0 0 0 0 0 0 0 4

DEBUG (0): data: 5 12 4 5 13 8 7 6 0 0 0 0 0 0 0 0 0 0 0 0 0 0 0 0 0 0 0 0 0 0 0 0 0 0 4

DEBUG (0): data: 5 14 4 4 8 7 6 0 0 0 0 0 0 0 0 0 0 0 0 0 0 0 0 0 0 0 0 0 0 0 0 0 0 0 4

DEBUG (0): data: 5 14 4 4 8 7 6 0 0 0 0 0 0 0 0 0 0 0 0 0 0 0 0 0 0 0 0 0 0 0 0 0 0 0 4

DEBUG (0): data: 5 14 4 4 8 7 6 0 0 0 0 0 0 0 0 0 0 0 0 0 0 0 0 0 0 0 0 0 0 0 0 0 0 0 4

DEBUG (0): data: 5 19 4 5 14 8 7 6 0 0 0 0 0 0 0 0 0 0 0 0 0 0 0 0 0 0 0 0 0 0 0 0 0 0 4

DEBUG (0): data: 5 18 4 6 19 14 8 7 6 0 0 0 0 0 0 0 0 0 0 0 0 0 0 0 0 0 0 0 0 0 0 0 0 0 4

DEBUG (0): data: 5 21 4 5 14 8 7 6 0 0 0 0 0 0 0 0 0 0 0 0 0 0 0 0 0 0 0 0 0 0 0 0 0 0 4

DEBUG (0): data: 5 22 4 7 27 21 14 8 7 6 0 0 0 0 0 0 0 0 0 0 0 0 0 0 0 0 0 0 0 0 0 0 0 0 4

DEBUG (0): data: 5 20 4 5 14 8 7 6 0 0 0 0 0 0 0 0 0 0 0 0 0 0 0 0 0 0 0 0 0 0 0 0 0 0 4

DEBUG (0): data: 5 24 4 7 18 19 14 8 7 6 0 0 0 0 0 0 0 0 0 0 0 0 0 0 0 0 0 0 0 0 0 0 0 0 4

DEBUG (0): data: 5 23 4 9 29 28 27 21 14 8 7 6 0 0 0 0 0 0 0 0 0 0 0 0 0 0 0 0 0 0 0 0 0 0 4

DEBUG (0): data: 5 24 4 6 18 19 8 7 6 0 0 0 0 0 0 0 0 0 0 0 0 0 0 0 0 0 0 0 0 0 0 0 0 0 4

DEBUG (0): data: 5 25 4 5 19 8 7 6 0 0 0 0 0 0 0 0 0 0 0 0 0 0 0 0 0 0 0 0 0 0 0 0 0 0 4

DEBUG (0): data: 5 27 4 6 21 14 8 7 6 0 0 0 0 0 0 0 0 0 0 0 0 0 0 0 0 0 0 0 0 0 0 0 0 0 4

DEBUG (0): data: 5 28 4 7 27 21 14 8 7 6 0 0 0 0 0 0 0 0 0 0 0 0 0 0 0 0 0 0 0 0 0 0 0 0 4

DEBUG (0): data: 5 29 4 8 28 27 21 14 8 7 6 0 0 0 0 0 0 0 0 0 0 0 0 0 0 0 0 0 0 0 0 0 0 0 4

DEBUG (0): data: 5 32 4 8 26 27 21 14 8 7 6 0 0 0 0 0 0 0 0 0 0 0 0 0 0 0 0 0 0 0 0 0 0 0 4

DEBUG (0): data: 5 33 4 7 27 21 14 8 7 6 0 0 0 0 0 0 0 0 0 0 0 0 0 0 0 0 0 0 0 0 0 0 0 0 4

DEBUG (0): data: 5 35 4 9 34 28 27 21 14 8 7 6 0 0 0 0 0 0 0 0 0 0 0 0 0 0 0 0 0 0 0 0 0 0 4

DEBUG (0): data: 5 34 4 8 33 27 21 14 8 7 6 0 0 0 0 0 0 0 0 0 0 0 0 0 0 0 0 0 0 0 0 0 0 0 4

DEBUG (0): data: 5 17 4 21 11 10 5 11 10 3 9 2 3 10 16 23 29 28 27 21 14 8 7 6 0 0 0 0 0 0 0 0 0 0 4

DEBUG (0): data: 5 11 4 22 10 5 11 10 3 2 3 9 2 3 10 16 23 29 28 27 21 14 8 7 6 0 0 0 0 0 0 0 0 0 4

DEBUG (0): data: 5 17 4 22 11 10 3 9 15 2 3 9 2 3 10 16 23 29 28 27 21 14 8 7 6 0 0 0 0 0 0 0 0 0 4

DEBUG (0): data: 5 17 4 22 11 10 3 9 15 2 3 9 2 3 10 16 23 29 28 27 21 14 8 7 6 0 0 0 0 0 0 0 0 0 4

DEBUG (0): data: 5 5 4 28 11 10 5 11 10 5 11 10 3 9 15 2 3 9 2 3 10 16 23 29 28 27 21 14 8 7 6 0 0 0 4

DEBUG (0): data: 5 5 4 28 11 10 5 11 10 5 11 10 3 9 15 2 3 9 2 3 10 16 23 29 28 27 21 14 8 7 6 0 0 0 4

DEBUG (0): data: 5 9 4 27 15 2 3 10 5 11 10 3 9 15 2 3 9 2 3 10 16 23 29 28 27 21 14 8 7 6 0 0 0 0 4

DEBUG (0): data: 5 15 4 29 2 3 2 3 9 15 2 9 2 3 9 15 2 3 9 2 3 10 16 23 29 28 27 21 14 8 7 6 0 0 4

DEBUG (0): data: 5 10 4 25 5 11 10 5 11 10 3 9 2 3 9 2 3 10 16 23 29 28 27 21 14 8 7 6 0 0 0 0 0 0 4

DEBUG (0): data: 5 10 4 25 5 11 10 5 11 10 3 9 2 3 9 2 3 10 16 23 29 28 27 21 14 8 7 6 0 0 0 0 0 0 4

DEBUG (0): data: 5 4 4 31 3 10 5 11 10 5 11 10 5 11 10 3 9 2 3 9 15 2 3 10 16 23 29 28 27 21 14 8 7 0 4

DEBUG (0): data: 5 17 4 25 11 10 5 11 10 3 9 2 3 9 15 2 3 10 16 23 29 28 27 21 14 8 7 6 0 0 0 0 0 0 4

DEBUG (0): data: 5 17 4 25 11 10 5 11 10 3 9 2 3 9 15 2 3 10 16 23 29 28 27 21 14 8 7 6 0 0 0 0 0 0 4

1: [0]
	total: 1
2: [3, 9]
	total: 3
3: [10, 9, 2]
	total: 6
4: [10, 3]
	total: 8
5: [11, 10]
	total: 10
6: [0]
	total: 11
7: [6, 0]
	total: 13
8: [7, 14, 0]
	total: 16
9: [16, 3, 2, 15]
	total: 20
10: [16, 11, 5, 3]
	total: 24
11: [10, 5]
	total: 26
12: [13, 18]
	total: 28
13: [8]
	total: 29
14: [19, 8]
	total: 31
15: [2, 9]
	total: 33
16: [22, 23, 21, 10]
	total: 37
17: [11]
	total: 38
18: [12, 20, 19]
	total: 41
19: [18, 7, 8, 20, 14]
	total: 46
20: [18, 14, 21]
	total: 49
21: [14, 27, 8]
	total: 52
22: [27, 0, 16]
	total: 55
23: [29, 16]
	total: 57
24: [18]
	total: 58
25: [19]
	total: 59
26: [27]
	total: 60
27: [21, 28, 33, 22, 0, 16]
	total: 66
28: [27, 29, 33]
	total: 69
29: [34, 28, 23]
	total: 72
32: [26]
	total: 73
33: [28, 27, 34, 0]
	total: 77
34: [33, 35, 29, 28]
	total: 81
35: [29, 34]
	total: 83
------------	 avg_size: 2.5152 
---------------------------------- cycle_count: 3
DEBUG (0): data: 6 1 5 1 0 0 0 0 0 0 0 0 0 0 0 0 0 0 0 0 0 0 0 0 0 0 0 0 0 0 0 0 0 0 5

DEBUG (0): data: 6 2 5 7 3 10 16 21 14 6 0 0 0 0 0 0 0 0 0 0 0 0 0 0 0 0 0 0 0 0 0 0 0 0 5

DEBUG (0): data: 6 2 5 7 3 10 16 21 14 6 0 0 0 0 0 0 0 0 0 0 0 0 0 0 0 0 0 0 0 0 0 0 0 0 5

DEBUG (0): data: 6 6 5 1 0 0 0 0 0 0 0 0 0 0 0 0 0 0 0 0 0 0 0 0 0 0 0 0 0 0 0 0 0 0 5

DEBUG (0): data: 6 7 5 2 6 0 0 0 0 0 0 0 0 0 0 0 0 0 0 0 0 0 0 0 0 0 0 0 0 0 0 0 0 0 5

DEBUG (0): data: 6 8 5 3 7 6 0 0 0 0 0 0 0 0 0 0 0 0 0 0 0 0 0 0 0 0 0 0 0 0 0 0 0 0 5

DEBUG (0): data: 6 8 5 3 7 6 0 0 0 0 0 0 0 0 0 0 0 0 0 0 0 0 0 0 0 0 0 0 0 0 0 0 0 0 5

DEBUG (0): data: 6 3 5 6 10 16 21 14 6 0 0 0 0 0 0 0 0 0 0 0 0 0 0 0 0 0 0 0 0 0 0 0 0 0 5

DEBUG (0): data: 6 13 5 4 8 7 6 0 0 0 0 0 0 0 0 0 0 0 0 0 0 0 0 0 0 0 0 0 0 0 0 0 0 0 5

DEBUG (0): data: 6 14 5 2 6 0 0 0 0 0 0 0 0 0 0 0 0 0 0 0 0 0 0 0 0 0 0 0 0 0 0 0 0 0 5

DEBUG (0): data: 6 3 5 8 10 16 22 27 21 14 6 0 0 0 0 0 0 0 0 0 0 0 0 0 0 0 0 0 0 0 0 0 0 0 5

DEBUG (0): data: 6 4 5 9 3 10 16 22 27 21 14 6 0 0 0 0 0 0 0 0 0 0 0 0 0 0 0 0 0 0 0 0 0 0 5

DEBUG (0): data: 6 12 5 5 13 8 7 6 0 0 0 0 0 0 0 0 0 0 0 0 0 0 0 0 0 0 0 0 0 0 0 0 0 0 5

DEBUG (0): data: 6 12 5 5 13 8 7 6 0 0 0 0 0 0 0 0 0 0 0 0 0 0 0 0 0 0 0 0 0 0 0 0 0 0 5

DEBUG (0): data: 6 10 5 7 16 22 27 21 14 6 0 0 0 0 0 0 0 0 0 0 0 0 0 0 0 0 0 0 0 0 0 0 0 0 5

DEBUG (0): data: 6 21 5 3 14 6 0 0 0 0 0 0 0 0 0 0 0 0 0 0 0 0 0 0 0 0 0 0 0 0 0 0 0 0 5

DEBUG (0): data: 6 19 5 4 8 7 6 0 0 0 0 0 0 0 0 0 0 0 0 0 0 0 0 0 0 0 0 0 0 0 0 0 0 0 5

DEBUG (0): data: 6 18 5 5 19 8 7 6 0 0 0 0 0 0 0 0 0 0 0 0 0 0 0 0 0 0 0 0 0 0 0 0 0 0 5

DEBUG (0): data: 6 18 5 5 19 8 7 6 0 0 0 0 0 0 0 0 0 0 0 0 0 0 0 0 0 0 0 0 0 0 0 0 0 0 5

DEBUG (0): data: 6 20 5 3 14 6 0 0 0 0 0 0 0 0 0 0 0 0 0 0 0 0 0 0 0 0 0 0 0 0 0 0 0 0 5

DEBUG (0): data: 6 20 5 3 14 6 0 0 0 0 0 0 0 0 0 0 0 0 0 0 0 0 0 0 0 0 0 0 0 0 0 0 0 0 5

DEBUG (0): data: 6 22 5 5 27 21 14 6 0 0 0 0 0 0 0 0 0 0 0 0 0 0 0 0 0 0 0 0 0 0 0 0 0 0 5

DEBUG (0): data: 6 22 5 5 27 21 14 6 0 0 0 0 0 0 0 0 0 0 0 0 0 0 0 0 0 0 0 0 0 0 0 0 0 0 5

DEBUG (0): data: 6 18 5 4 19 14 6 0 0 0 0 0 0 0 0 0 0 0 0 0 0 0 0 0 0 0 0 0 0 0 0 0 0 0 5

DEBUG (0): data: 6 25 5 3 14 6 0 0 0 0 0 0 0 0 0 0 0 0 0 0 0 0 0 0 0 0 0 0 0 0 0 0 0 0 5

DEBUG (0): data: 6 25 5 3 14 6 0 0 0 0 0 0 0 0 0 0 0 0 0 0 0 0 0 0 0 0 0 0 0 0 0 0 0 0 5

DEBUG (0): data: 6 24 5 5 18 19 14 6 0 0 0 0 0 0 0 0 0 0 0 0 0 0 0 0 0 0 0 0 0 0 0 0 0 0 5

DEBUG (0): data: 6 24 5 6 18 20 21 14 6 0 0 0 0 0 0 0 0 0 0 0 0 0 0 0 0 0 0 0 0 0 0 0 0 0 5

DEBUG (0): data: 6 24 5 6 18 20 21 14 6 0 0 0 0 0 0 0 0 0 0 0 0 0 0 0 0 0 0 0 0 0 0 0 0 0 5

DEBUG (0): data: 6 26 5 7 27 22 27 21 14 6 0 0 0 0 0 0 0 0 0 0 0 0 0 0 0 0 0 0 0 0 0 0 0 0 5

DEBUG (0): data: 6 26 5 7 27 22 27 21 14 6 0 0 0 0 0 0 0 0 0 0 0 0 0 0 0 0 0 0 0 0 0 0 0 0 5

DEBUG (0): data: 6 27 5 6 21 27 21 14 6 0 0 0 0 0 0 0 0 0 0 0 0 0 0 0 0 0 0 0 0 0 0 0 0 0 5

DEBUG (0): data: 6 28 5 7 27 22 27 21 14 6 0 0 0 0 0 0 0 0 0 0 0 0 0 0 0 0 0 0 0 0 0 0 0 0 5

DEBUG (0): data: 6 33 5 5 27 21 14 6 0 0 0 0 0 0 0 0 0 0 0 0 0 0 0 0 0 0 0 0 0 0 0 0 0 0 5

DEBUG (0): data: 6 23 5 11 29 28 27 22 27 22 27 21 14 6 0 0 0 0 0 0 0 0 0 0 0 0 0 0 0 0 0 0 0 0 5

DEBUG (0): data: 6 34 5 6 33 27 21 14 6 0 0 0 0 0 0 0 0 0 0 0 0 0 0 0 0 0 0 0 0 0 0 0 0 0 5

DEBUG (0): data: 6 34 5 6 33 27 21 14 6 0 0 0 0 0 0 0 0 0 0 0 0 0 0 0 0 0 0 0 0 0 0 0 0 0 5

DEBUG (0): data: 6 15 5 12 2 3 10 16 23 29 28 27 21 14 6 0 0 0 0 0 0 0 0 0 0 0 0 0 0 0 0 0 0 0 5

DEBUG (0): data: 6 15 5 12 2 3 10 16 23 29 28 27 21 14 6 0 0 0 0 0 0 0 0 0 0 0 0 0 0 0 0 0 0 0 5

DEBUG (0): data: 6 15 5 12 2 3 10 16 23 29 28 27 21 14 6 0 0 0 0 0 0 0 0 0 0 0 0 0 0 0 0 0 0 0 5

DEBUG (0): data: 6 17 5 11 11 10 16 23 29 28 27 21 14 6 0 0 0 0 0 0 0 0 0 0 0 0 0 0 0 0 0 0 0 0 5

DEBUG (0): data: 6 29 5 10 23 16 23 29 28 27 21 14 6 0 0 0 0 0 0 0 0 0 0 0 0 0 0 0 0 0 0 0 0 0 5

DEBUG (0): data: 6 29 5 10 23 16 23 29 28 27 21 14 6 0 0 0 0 0 0 0 0 0 0 0 0 0 0 0 0 0 0 0 0 0 5

DEBUG (0): data: 6 17 5 13 11 10 16 23 29 28 29 28 27 21 14 6 0 0 0 0 0 0 0 0 0 0 0 0 0 0 0 0 0 0 5

DEBUG (0): data: 6 35 5 11 29 23 16 23 29 28 27 21 14 6 0 0 0 0 0 0 0 0 0 0 0 0 0 0 0 0 0 0 0 0 5

DEBUG (0): data: 6 35 5 11 29 23 16 23 29 28 27 21 14 6 0 0 0 0 0 0 0 0 0 0 0 0 0 0 0 0 0 0 0 0 5

DEBUG (0): data: 6 23 5 13 29 23 16 23 29 28 29 28 27 21 14 6 0 0 0 0 0 0 0 0 0 0 0 0 0 0 0 0 0 0 5

DEBUG (0): data: 6 29 5 12 23 16 23 29 28 29 28 27 21 14 6 0 0 0 0 0 0 0 0 0 0 0 0 0 0 0 0 0 0 0 5

DEBUG (0): data: 7 1 6 1 0 0 0 0 0 0 0 0 0 0 0 0 0 0 0 0 0 0 0 0 0 0 0 0 0 0 0 0 0 0 6

DEBUG (0): data: 7 6 6 1 0 0 0 0 0 0 0 0 0 0 0 0 0 0 0 0 0 0 0 0 0 0 0 0 0 0 0 0 0 0 6

DEBUG (0): data: 7 7 6 2 6 0 0 0 0 0 0 0 0 0 0 0 0 0 0 0 0 0 0 0 0 0 0 0 0 0 0 0 0 0 6

DEBUG (0): data: 7 8 6 3 7 6 0 0 0 0 0 0 0 0 0 0 0 0 0 0 0 0 0 0 0 0 0 0 0 0 0 0 0 0 6

DEBUG (0): data: 7 5 6 10 10 16 23 29 28 27 21 14 6 0 0 0 0 0 0 0 0 0 0 0 0 0 0 0 0 0 0 0 0 0 6

DEBUG (0): data: 7 5 6 10 10 16 23 29 28 27 21 14 6 0 0 0 0 0 0 0 0 0 0 0 0 0 0 0 0 0 0 0 0 0 6

DEBUG (0): data: 7 12 6 5 13 8 7 6 0 0 0 0 0 0 0 0 0 0 0 0 0 0 0 0 0 0 0 0 0 0 0 0 0 0 6

DEBUG (0): data: 7 14 6 2 6 0 0 0 0 0 0 0 0 0 0 0 0 0 0 0 0 0 0 0 0 0 0 0 0 0 0 0 0 0 6

DEBUG (0): data: 7 13 6 4 8 7 6 0 0 0 0 0 0 0 0 0 0 0 0 0 0 0 0 0 0 0 0 0 0 0 0 0 0 0 6

DEBUG (0): data: 7 10 6 9 16 23 29 28 27 21 14 6 0 0 0 0 0 0 0 0 0 0 0 0 0 0 0 0 0 0 0 0 0 0 6

DEBUG (0): data: 7 10 6 9 16 23 29 28 27 21 14 6 0 0 0 0 0 0 0 0 0 0 0 0 0 0 0 0 0 0 0 0 0 0 6

DEBUG (0): data: 7 11 6 11 5 10 16 23 29 28 27 21 14 6 0 0 0 0 0 0 0 0 0 0 0 0 0 0 0 0 0 0 0 0 6

DEBUG (0): data: 7 19 6 3 14 6 0 0 0 0 0 0 0 0 0 0 0 0 0 0 0 0 0 0 0 0 0 0 0 0 0 0 0 0 6

DEBUG (0): data: 7 18 6 5 20 21 14 6 0 0 0 0 0 0 0 0 0 0 0 0 0 0 0 0 0 0 0 0 0 0 0 0 0 0 6

DEBUG (0): data: 7 18 6 5 20 21 14 6 0 0 0 0 0 0 0 0 0 0 0 0 0 0 0 0 0 0 0 0 0 0 0 0 0 0 6

DEBUG (0): data: 7 16 6 8 23 29 28 27 21 14 6 0 0 0 0 0 0 0 0 0 0 0 0 0 0 0 0 0 0 0 0 0 0 0 6

DEBUG (0): data: 7 16 6 8 23 29 28 27 21 14 6 0 0 0 0 0 0 0 0 0 0 0 0 0 0 0 0 0 0 0 0 0 0 0 6

DEBUG (0): data: 7 21 6 3 14 6 0 0 0 0 0 0 0 0 0 0 0 0 0 0 0 0 0 0 0 0 0 0 0 0 0 0 0 0 6

DEBUG (0): data: 7 21 6 3 14 6 0 0 0 0 0 0 0 0 0 0 0 0 0 0 0 0 0 0 0 0 0 0 0 0 0 0 0 0 6

DEBUG (0): data: 7 21 6 3 14 6 0 0 0 0 0 0 0 0 0 0 0 0 0 0 0 0 0 0 0 0 0 0 0 0 0 0 0 0 6

DEBUG (0): data: 7 21 6 3 14 6 0 0 0 0 0 0 0 0 0 0 0 0 0 0 0 0 0 0 0 0 0 0 0 0 0 0 0 0 6

DEBUG (0): data: 7 25 6 3 14 6 0 0 0 0 0 0 0 0 0 0 0 0 0 0 0 0 0 0 0 0 0 0 0 0 0 0 0 0 6

DEBUG (0): data: 7 25 6 3 14 6 0 0 0 0 0 0 0 0 0 0 0 0 0 0 0 0 0 0 0 0 0 0 0 0 0 0 0 0 6

DEBUG (0): data: 7 20 6 4 21 14 6 0 0 0 0 0 0 0 0 0 0 0 0 0 0 0 0 0 0 0 0 0 0 0 0 0 0 0 6

DEBUG (0): data: 7 15 6 12 2 3 10 16 23 29 28 27 21 14 6 0 0 0 0 0 0 0 0 0 0 0 0 0 0 0 0 0 0 0 6

DEBUG (0): data: 7 2 6 13 3 4 3 10 16 23 29 28 27 21 14 6 0 0 0 0 0 0 0 0 0 0 0 0 0 0 0 0 0 0 6

DEBUG (0): data: 7 22 6 5 27 21 14 6 0 0 0 0 0 0 0 0 0 0 0 0 0 0 0 0 0 0 0 0 0 0 0 0 0 0 6

DEBUG (0): data: 7 22 6 5 27 21 14 6 0 0 0 0 0 0 0 0 0 0 0 0 0 0 0 0 0 0 0 0 0 0 0 0 0 0 6

DEBUG (0): data: 7 24 6 6 18 20 21 14 6 0 0 0 0 0 0 0 0 0 0 0 0 0 0 0 0 0 0 0 0 0 0 0 0 0 6

DEBUG (0): data: 7 24 6 6 18 20 21 14 6 0 0 0 0 0 0 0 0 0 0 0 0 0 0 0 0 0 0 0 0 0 0 0 0 0 6

DEBUG (0): data: 7 9 6 13 3 4 3 10 16 23 29 28 27 21 14 6 0 0 0 0 0 0 0 0 0 0 0 0 0 0 0 0 0 0 6

DEBUG (0): data: 7 23 6 7 29 28 27 21 14 6 0 0 0 0 0 0 0 0 0 0 0 0 0 0 0 0 0 0 0 0 0 0 0 0 6

DEBUG (0): data: 7 27 6 4 21 14 6 0 0 0 0 0 0 0 0 0 0 0 0 0 0 0 0 0 0 0 0 0 0 0 0 0 0 0 6

DEBUG (0): data: 7 27 6 4 21 14 6 0 0 0 0 0 0 0 0 0 0 0 0 0 0 0 0 0 0 0 0 0 0 0 0 0 0 0 6

DEBUG (0): data: 7 26 6 5 27 21 14 6 0 0 0 0 0 0 0 0 0 0 0 0 0 0 0 0 0 0 0 0 0 0 0 0 0 0 6

DEBUG (0): data: 7 17 6 14 11 5 10 16 23 29 28 27 21 14 8 7 6 0 0 0 0 0 0 0 0 0 0 0 0 0 0 0 0 0 6

DEBUG (0): data: 7 17 6 14 11 5 10 16 23 29 28 27 21 14 8 7 6 0 0 0 0 0 0 0 0 0 0 0 0 0 0 0 0 0 6

DEBUG (0): data: 7 28 6 7 27 21 14 8 7 6 0 0 0 0 0 0 0 0 0 0 0 0 0 0 0 0 0 0 0 0 0 0 0 0 6

DEBUG (0): data: 7 29 6 8 28 27 21 14 8 7 6 0 0 0 0 0 0 0 0 0 0 0 0 0 0 0 0 0 0 0 0 0 0 0 6

DEBUG (0): data: 7 33 6 7 27 21 14 8 7 6 0 0 0 0 0 0 0 0 0 0 0 0 0 0 0 0 0 0 0 0 0 0 0 0 6

DEBUG (0): data: 7 33 6 7 27 21 14 8 7 6 0 0 0 0 0 0 0 0 0 0 0 0 0 0 0 0 0 0 0 0 0 0 0 0 6

DEBUG (0): data: 7 34 6 8 33 27 21 14 8 7 6 0 0 0 0 0 0 0 0 0 0 0 0 0 0 0 0 0 0 0 0 0 0 0 6

DEBUG (0): data: 7 34 6 8 33 27 21 14 8 7 6 0 0 0 0 0 0 0 0 0 0 0 0 0 0 0 0 0 0 0 0 0 0 0 6

DEBUG (0): data: 7 35 6 9 29 28 27 21 14 8 7 6 0 0 0 0 0 0 0 0 0 0 0 0 0 0 0 0 0 0 0 0 0 0 6

DEBUG (0): data: 7 32 6 8 26 27 21 14 8 7 6 0 0 0 0 0 0 0 0 0 0 0 0 0 0 0 0 0 0 0 0 0 0 0 6

DEBUG (0): data: 8 1 7 1 0 0 0 0 0 0 0 0 0 0 0 0 0 0 0 0 0 0 0 0 0 0 0 0 0 0 0 0 0 0 7

DEBUG (0): data: 8 6 7 1 0 0 0 0 0 0 0 0 0 0 0 0 0 0 0 0 0 0 0 0 0 0 0 0 0 0 0 0 0 0 7

DEBUG (0): data: 8 7 7 2 6 0 0 0 0 0 0 0 0 0 0 0 0 0 0 0 0 0 0 0 0 0 0 0 0 0 0 0 0 0 7

DEBUG (0): data: 8 8 7 3 7 6 0 0 0 0 0 0 0 0 0 0 0 0 0 0 0 0 0 0 0 0 0 0 0 0 0 0 0 0 7

DEBUG (0): data: 8 5 7 9 10 16 27 21 14 8 7 6 0 0 0 0 0 0 0 0 0 0 0 0 0 0 0 0 0 0 0 0 0 0 7

DEBUG (0): data: 8 13 7 4 8 7 6 0 0 0 0 0 0 0 0 0 0 0 0 0 0 0 0 0 0 0 0 0 0 0 0 0 0 0 7

DEBUG (0): data: 8 10 7 8 16 27 21 14 8 7 6 0 0 0 0 0 0 0 0 0 0 0 0 0 0 0 0 0 0 0 0 0 0 0 7

DEBUG (0): data: 8 10 7 8 16 27 21 14 8 7 6 0 0 0 0 0 0 0 0 0 0 0 0 0 0 0 0 0 0 0 0 0 0 0 7

DEBUG (0): data: 8 12 7 5 13 8 7 6 0 0 0 0 0 0 0 0 0 0 0 0 0 0 0 0 0 0 0 0 0 0 0 0 0 0 7

DEBUG (0): data: 8 12 7 5 13 8 7 6 0 0 0 0 0 0 0 0 0 0 0 0 0 0 0 0 0 0 0 0 0 0 0 0 0 0 7

DEBUG (0): data: 8 14 7 4 8 7 6 0 0 0 0 0 0 0 0 0 0 0 0 0 0 0 0 0 0 0 0 0 0 0 0 0 0 0 7

DEBUG (0): data: 8 10 7 12 16 23 29 28 33 27 21 14 8 7 6 0 0 0 0 0 0 0 0 0 0 0 0 0 0 0 0 0 0 0 7

DEBUG (0): data: 8 18 7 5 19 8 7 6 0 0 0 0 0 0 0 0 0 0 0 0 0 0 0 0 0 0 0 0 0 0 0 0 0 0 7

DEBUG (0): data: 8 18 7 5 19 8 7 6 0 0 0 0 0 0 0 0 0 0 0 0 0 0 0 0 0 0 0 0 0 0 0 0 0 0 7

DEBUG (0): data: 8 19 7 4 8 7 6 0 0 0 0 0 0 0 0 0 0 0 0 0 0 0 0 0 0 0 0 0 0 0 0 0 0 0 7

DEBUG (0): data: 8 11 7 13 10 16 23 29 28 33 27 21 14 8 7 6 0 0 0 0 0 0 0 0 0 0 0 0 0 0 0 0 0 0 7

DEBUG (0): data: 8 21 7 5 14 8 7 6 0 0 0 0 0 0 0 0 0 0 0 0 0 0 0 0 0 0 0 0 0 0 0 0 0 0 7

DEBUG (0): data: 8 21 7 5 14 8 7 6 0 0 0 0 0 0 0 0 0 0 0 0 0 0 0 0 0 0 0 0 0 0 0 0 0 0 7

DEBUG (0): data: 8 16 7 11 23 29 28 33 27 21 14 8 7 6 0 0 0 0 0 0 0 0 0 0 0 0 0 0 0 0 0 0 0 0 7

DEBUG (0): data: 8 20 7 5 19 8 7 6 0 0 0 0 0 0 0 0 0 0 0 0 0 0 0 0 0 0 0 0 0 0 0 0 0 0 7

DEBUG (0): data: 8 22 7 7 27 21 14 8 7 6 0 0 0 0 0 0 0 0 0 0 0 0 0 0 0 0 0 0 0 0 0 0 0 0 7

DEBUG (0): data: 8 25 7 5 19 8 7 6 0 0 0 0 0 0 0 0 0 0 0 0 0 0 0 0 0 0 0 0 0 0 0 0 0 0 7

DEBUG (0): data: 8 24 7 7 18 20 19 8 7 6 0 0 0 0 0 0 0 0 0 0 0 0 0 0 0 0 0 0 0 0 0 0 0 0 7

DEBUG (0): data: 8 17 7 14 11 10 16 23 29 28 33 27 21 14 8 7 6 0 0 0 0 0 0 0 0 0 0 0 0 0 0 0 0 0 7

DEBUG (0): data: 8 9 7 15 16 3 10 16 23 29 28 33 27 21 14 8 7 6 0 0 0 0 0 0 0 0 0 0 0 0 0 0 0 0 7

DEBUG (0): data: 8 9 7 15 16 3 10 16 23 29 28 33 27 21 14 8 7 6 0 0 0 0 0 0 0 0 0 0 0 0 0 0 0 0 7

DEBUG (0): data: 8 9 7 15 16 3 10 16 23 29 28 33 27 21 14 8 7 6 0 0 0 0 0 0 0 0 0 0 0 0 0 0 0 0 7

DEBUG (0): data: 8 27 7 6 21 14 8 7 6 0 0 0 0 0 0 0 0 0 0 0 0 0 0 0 0 0 0 0 0 0 0 0 0 0 7

DEBUG (0): data: 8 23 7 10 29 28 33 27 21 14 8 7 6 0 0 0 0 0 0 0 0 0 0 0 0 0 0 0 0 0 0 0 0 0 7

DEBUG (0): data: 8 2 7 18 9 2 9 2 3 10 16 23 29 28 33 27 21 14 8 7 6 0 0 0 0 0 0 0 0 0 0 0 0 0 7

DEBUG (0): data: 8 15 7 16 9 2 3 10 16 23 29 28 33 27 21 14 8 7 6 0 0 0 0 0 0 0 0 0 0 0 0 0 0 0 7

DEBUG (0): data: 8 28 7 8 33 27 21 14 8 7 6 0 0 0 0 0 0 0 0 0 0 0 0 0 0 0 0 0 0 0 0 0 0 0 7

DEBUG (0): data: 8 29 7 10 28 33 27 21 20 19 8 7 6 0 0 0 0 0 0 0 0 0 0 0 0 0 0 0 0 0 0 0 0 0 7

DEBUG (0): data: 8 29 7 10 28 33 27 21 20 19 8 7 6 0 0 0 0 0 0 0 0 0 0 0 0 0 0 0 0 0 0 0 0 0 7

DEBUG (0): data: 8 33 7 8 27 21 20 19 8 7 6 0 0 0 0 0 0 0 0 0 0 0 0 0 0 0 0 0 0 0 0 0 0 0 7

DEBUG (0): data: 8 34 7 9 33 27 21 20 19 8 7 6 0 0 0 0 0 0 0 0 0 0 0 0 0 0 0 0 0 0 0 0 0 0 7

DEBUG (0): data: 8 35 7 11 29 28 33 27 21 20 19 8 7 6 0 0 0 0 0 0 0 0 0 0 0 0 0 0 0 0 0 0 0 0 7

DEBUG (0): data: 8 35 7 11 29 28 33 27 21 20 19 8 7 6 0 0 0 0 0 0 0 0 0 0 0 0 0 0 0 0 0 0 0 0 7

DEBUG (0): data: 8 4 7 26 3 9 2 3 9 2 15 2 15 9 2 3 10 16 23 29 28 33 27 21 20 19 8 7 6 0 0 0 0 0 7

DEBUG (0): data: 8 32 7 9 26 27 21 20 19 8 7 6 0 0 0 0 0 0 0 0 0 0 0 0 0 0 0 0 0 0 0 0 0 0 7

1: [0]
	total: 1
2: [3, 9, 15]
	total: 4
3: [10, 4, 9]
	total: 7
4: [3]
	total: 8
5: [10]
	total: 9
6: [0]
	total: 10
7: [6]
	total: 11
8: [7]
	total: 12
9: [3, 16, 2]
	total: 15
10: [16]
	total: 16
11: [10, 5]
	total: 18
12: [13]
	total: 19
13: [8]
	total: 20
14: [6, 8]
	total: 22
15: [2, 9]
	total: 24
16: [21, 22, 23, 27, 3]
	total: 29
17: [11]
	total: 30
18: [19, 20]
	total: 32
19: [8, 14]
	total: 34
20: [14, 21, 19]
	total: 37
21: [14, 27, 20]
	total: 40
22: [27]
	total: 41
23: [29, 16]
	total: 43
24: [18]
	total: 44
25: [14, 19]
	total: 46
26: [27]
	total: 47
27: [21, 22]
	total: 49
28: [27, 29, 33]
	total: 52
29: [28, 23]
	total: 54
32: [26]
	total: 55
33: [27]
	total: 56
34: [33]
	total: 57
35: [29]
	total: 58
------------	 avg_size: 1.7576 
---------------------------------- cycle_count: 4
DEBUG (0): data: 9 1 8 1 0 0 0 0 0 0 0 0 0 0 0 0 0 0 0 0 0 0 0 0 0 0 0 0 0 0 0 0 0 0 8

DEBUG (0): data: 9 6 8 1 0 0 0 0 0 0 0 0 0 0 0 0 0 0 0 0 0 0 0 0 0 0 0 0 0 0 0 0 0 0 8

DEBUG (0): data: 9 7 8 2 6 0 0 0 0 0 0 0 0 0 0 0 0 0 0 0 0 0 0 0 0 0 0 0 0 0 0 0 0 0 8

DEBUG (0): data: 9 8 8 3 7 6 0 0 0 0 0 0 0 0 0 0 0 0 0 0 0 0 0 0 0 0 0 0 0 0 0 0 0 0 8

DEBUG (0): data: 9 2 8 15 3 10 16 23 29 28 33 27 21 20 19 8 7 6 0 0 0 0 0 0 0 0 0 0 0 0 0 0 0 0 8

DEBUG (0): data: 9 12 8 5 13 8 7 6 0 0 0 0 0 0 0 0 0 0 0 0 0 0 0 0 0 0 0 0 0 0 0 0 0 0 8

DEBUG (0): data: 9 13 8 4 8 7 6 0 0 0 0 0 0 0 0 0 0 0 0 0 0 0 0 0 0 0 0 0 0 0 0 0 0 0 8

DEBUG (0): data: 9 3 8 14 10 16 23 29 28 33 27 21 20 19 8 7 6 0 0 0 0 0 0 0 0 0 0 0 0 0 0 0 0 0 8

DEBUG (0): data: 9 14 8 4 8 7 6 0 0 0 0 0 0 0 0 0 0 0 0 0 0 0 0 0 0 0 0 0 0 0 0 0 0 0 8

DEBUG (0): data: 9 14 8 4 8 7 6 0 0 0 0 0 0 0 0 0 0 0 0 0 0 0 0 0 0 0 0 0 0 0 0 0 0 0 8

DEBUG (0): data: 9 4 8 15 3 10 16 23 29 28 33 27 21 20 19 8 7 6 0 0 0 0 0 0 0 0 0 0 0 0 0 0 0 0 8

DEBUG (0): data: 9 5 8 14 10 16 23 29 28 33 27 21 20 19 8 7 6 0 0 0 0 0 0 0 0 0 0 0 0 0 0 0 0 0 8

DEBUG (0): data: 9 10 8 13 16 23 29 34 33 27 21 20 19 8 7 6 0 0 0 0 0 0 0 0 0 0 0 0 0 0 0 0 0 0 8

DEBUG (0): data: 9 18 8 6 20 19 8 7 6 0 0 0 0 0 0 0 0 0 0 0 0 0 0 0 0 0 0 0 0 0 0 0 0 0 8

DEBUG (0): data: 9 19 8 5 8 8 7 6 0 0 0 0 0 0 0 0 0 0 0 0 0 0 0 0 0 0 0 0 0 0 0 0 0 0 8

DEBUG (0): data: 9 9 8 16 3 10 16 23 29 34 33 27 21 20 19 13 8 7 6 0 0 0 0 0 0 0 0 0 0 0 0 0 0 0 8

DEBUG (0): data: 9 20 8 6 19 13 8 7 6 0 0 0 0 0 0 0 0 0 0 0 0 0 0 0 0 0 0 0 0 0 0 0 0 0 8

DEBUG (0): data: 9 21 8 7 20 19 13 8 7 6 0 0 0 0 0 0 0 0 0 0 0 0 0 0 0 0 0 0 0 0 0 0 0 0 8

DEBUG (0): data: 9 25 8 6 19 13 8 7 6 0 0 0 0 0 0 0 0 0 0 0 0 0 0 0 0 0 0 0 0 0 0 0 0 0 8

DEBUG (0): data: 9 11 8 15 10 16 23 29 28 33 27 21 20 19 13 8 7 6 0 0 0 0 0 0 0 0 0 0 0 0 0 0 0 0 8

DEBUG (0): data: 9 22 8 9 27 21 20 19 13 8 7 6 0 0 0 0 0 0 0 0 0 0 0 0 0 0 0 0 0 0 0 0 0 0 8

DEBUG (0): data: 9 24 8 8 18 20 19 13 8 7 6 0 0 0 0 0 0 0 0 0 0 0 0 0 0 0 0 0 0 0 0 0 0 0 8

DEBUG (0): data: 9 16 8 13 23 29 28 33 27 21 20 19 13 8 7 6 0 0 0 0 0 0 0 0 0 0 0 0 0 0 0 0 0 0 8

DEBUG (0): data: 9 15 8 17 9 3 10 16 23 29 28 33 27 21 20 19 13 8 7 6 0 0 0 0 0 0 0 0 0 0 0 0 0 0 8

DEBUG (0): data: 9 17 8 16 11 10 16 23 29 28 33 27 21 20 19 13 8 7 6 0 0 0 0 0 0 0 0 0 0 0 0 0 0 0 8

DEBUG (0): data: 9 27 8 8 21 20 19 13 8 7 6 0 0 0 0 0 0 0 0 0 0 0 0 0 0 0 0 0 0 0 0 0 0 0 8

DEBUG (0): data: 9 28 8 10 33 27 21 20 19 13 8 7 6 0 0 0 0 0 0 0 0 0 0 0 0 0 0 0 0 0 0 0 0 0 8

DEBUG (0): data: 9 23 8 12 29 28 33 27 21 20 19 13 8 7 6 0 0 0 0 0 0 0 0 0 0 0 0 0 0 0 0 0 0 0 8

DEBUG (0): data: 9 29 8 11 28 33 27 21 20 19 13 8 7 6 0 0 0 0 0 0 0 0 0 0 0 0 0 0 0 0 0 0 0 0 8

DEBUG (0): data: 9 33 8 9 27 21 20 19 13 8 7 6 0 0 0 0 0 0 0 0 0 0 0 0 0 0 0 0 0 0 0 0 0 0 8

DEBUG (0): data: 9 35 8 11 29 33 27 21 20 19 13 8 7 6 0 0 0 0 0 0 0 0 0 0 0 0 0 0 0 0 0 0 0 0 8

DEBUG (0): data: 10 1 9 1 0 0 0 0 0 0 0 0 0 0 0 0 0 0 0 0 0 0 0 0 0 0 0 0 0 0 0 0 0 0 9

DEBUG (0): data: 10 2 9 11 3 10 16 22 27 21 14 8 7 6 0 0 0 0 0 0 0 0 0 0 0 0 0 0 0 0 0 0 0 0 9

DEBUG (0): data: 10 6 9 1 0 0 0 0 0 0 0 0 0 0 0 0 0 0 0 0 0 0 0 0 0 0 0 0 0 0 0 0 0 0 9

DEBUG (0): data: 10 7 9 2 6 0 0 0 0 0 0 0 0 0 0 0 0 0 0 0 0 0 0 0 0 0 0 0 0 0 0 0 0 0 9

DEBUG (0): data: 10 8 9 3 7 6 0 0 0 0 0 0 0 0 0 0 0 0 0 0 0 0 0 0 0 0 0 0 0 0 0 0 0 0 9

DEBUG (0): data: 10 3 9 10 10 16 22 27 21 14 8 7 6 0 0 0 0 0 0 0 0 0 0 0 0 0 0 0 0 0 0 0 0 0 9

DEBUG (0): data: 10 2 9 12 3 3 10 16 22 27 21 14 8 7 6 0 0 0 0 0 0 0 0 0 0 0 0 0 0 0 0 0 0 0 9

DEBUG (0): data: 10 4 9 11 3 10 16 22 27 21 14 8 7 6 0 0 0 0 0 0 0 0 0 0 0 0 0 0 0 0 0 0 0 0 9

DEBUG (0): data: 10 13 9 4 8 7 6 0 0 0 0 0 0 0 0 0 0 0 0 0 0 0 0 0 0 0 0 0 0 0 0 0 0 0 9

DEBUG (0): data: 10 13 9 4 8 7 6 0 0 0 0 0 0 0 0 0 0 0 0 0 0 0 0 0 0 0 0 0 0 0 0 0 0 0 9

DEBUG (0): data: 10 12 9 5 13 8 7 6 0 0 0 0 0 0 0 0 0 0 0 0 0 0 0 0 0 0 0 0 0 0 0 0 0 0 9

DEBUG (0): data: 10 14 9 4 8 7 6 0 0 0 0 0 0 0 0 0 0 0 0 0 0 0 0 0 0 0 0 0 0 0 0 0 0 0 9

DEBUG (0): data: 10 19 9 5 13 8 7 6 0 0 0 0 0 0 0 0 0 0 0 0 0 0 0 0 0 0 0 0 0 0 0 0 0 0 9

DEBUG (0): data: 10 5 9 10 10 16 22 27 21 14 8 7 6 0 0 0 0 0 0 0 0 0 0 0 0 0 0 0 0 0 0 0 0 0 9

DEBUG (0): data: 10 10 9 9 16 22 27 21 14 8 7 6 0 0 0 0 0 0 0 0 0 0 0 0 0 0 0 0 0 0 0 0 0 0 9

DEBUG (0): data: 10 20 9 6 19 13 8 7 6 0 0 0 0 0 0 0 0 0 0 0 0 0 0 0 0 0 0 0 0 0 0 0 0 0 9

DEBUG (0): data: 10 20 9 6 19 13 8 7 6 0 0 0 0 0 0 0 0 0 0 0 0 0 0 0 0 0 0 0 0 0 0 0 0 0 9

DEBUG (0): data: 10 11 9 10 10 16 22 27 21 14 8 7 6 0 0 0 0 0 0 0 0 0 0 0 0 0 0 0 0 0 0 0 0 0 9

DEBUG (0): data: 10 18 9 7 20 19 13 8 7 6 0 0 0 0 0 0 0 0 0 0 0 0 0 0 0 0 0 0 0 0 0 0 0 0 9

DEBUG (0): data: 10 18 9 7 20 19 13 8 7 6 0 0 0 0 0 0 0 0 0 0 0 0 0 0 0 0 0 0 0 0 0 0 0 0 9

DEBUG (0): data: 10 21 9 5 14 8 7 6 0 0 0 0 0 0 0 0 0 0 0 0 0 0 0 0 0 0 0 0 0 0 0 0 0 0 9

DEBUG (0): data: 10 9 9 11 3 10 16 22 27 21 14 8 7 6 0 0 0 0 0 0 0 0 0 0 0 0 0 0 0 0 0 0 0 0 9

DEBUG (0): data: 10 16 9 8 22 27 21 14 8 7 6 0 0 0 0 0 0 0 0 0 0 0 0 0 0 0 0 0 0 0 0 0 0 0 9

DEBUG (0): data: 10 25 9 6 19 13 8 7 6 0 0 0 0 0 0 0 0 0 0 0 0 0 0 0 0 0 0 0 0 0 0 0 0 0 9

DEBUG (0): data: 10 25 9 6 19 13 8 7 6 0 0 0 0 0 0 0 0 0 0 0 0 0 0 0 0 0 0 0 0 0 0 0 0 0 9

DEBUG (0): data: 10 22 9 7 27 21 14 8 7 6 0 0 0 0 0 0 0 0 0 0 0 0 0 0 0 0 0 0 0 0 0 0 0 0 9

DEBUG (0): data: 10 24 9 8 18 20 19 13 8 7 6 0 0 0 0 0 0 0 0 0 0 0 0 0 0 0 0 0 0 0 0 0 0 0 9

DEBUG (0): data: 10 17 9 11 11 10 16 22 27 21 14 8 7 6 0 0 0 0 0 0 0 0 0 0 0 0 0 0 0 0 0 0 0 0 9

DEBUG (0): data: 10 17 9 11 11 10 16 22 27 21 14 8 7 6 0 0 0 0 0 0 0 0 0 0 0 0 0 0 0 0 0 0 0 0 9

DEBUG (0): data: 10 15 9 12 9 3 10 16 22 27 21 14 8 7 6 0 0 0 0 0 0 0 0 0 0 0 0 0 0 0 0 0 0 0 9

DEBUG (0): data: 10 23 9 9 29 28 27 21 14 8 7 6 0 0 0 0 0 0 0 0 0 0 0 0 0 0 0 0 0 0 0 0 0 0 9

DEBUG (0): data: 10 23 9 9 29 28 27 21 14 8 7 6 0 0 0 0 0 0 0 0 0 0 0 0 0 0 0 0 0 0 0 0 0 0 9

DEBUG (0): data: 10 27 9 6 21 14 8 7 6 0 0 0 0 0 0 0 0 0 0 0 0 0 0 0 0 0 0 0 0 0 0 0 0 0 9

DEBUG (0): data: 10 28 9 7 27 21 14 8 7 6 0 0 0 0 0 0 0 0 0 0 0 0 0 0 0 0 0 0 0 0 0 0 0 0 9

DEBUG (0): data: 10 29 9 8 28 27 21 14 8 7 6 0 0 0 0 0 0 0 0 0 0 0 0 0 0 0 0 0 0 0 0 0 0 0 9

DEBUG (0): data: 10 29 9 8 28 27 21 14 8 7 6 0 0 0 0 0 0 0 0 0 0 0 0 0 0 0 0 0 0 0 0 0 0 0 9

DEBUG (0): data: 10 33 9 7 27 21 14 8 7 6 0 0 0 0 0 0 0 0 0 0 0 0 0 0 0 0 0 0 0 0 0 0 0 0 9

DEBUG (0): data: 10 34 9 8 33 27 21 14 8 7 6 0 0 0 0 0 0 0 0 0 0 0 0 0 0 0 0 0 0 0 0 0 0 0 9

DEBUG (0): data: 10 35 9 9 29 28 27 21 14 8 7 6 0 0 0 0 0 0 0 0 0 0 0 0 0 0 0 0 0 0 0 0 0 0 9

DEBUG (0): data: 11 1 10 1 0 0 0 0 0 0 0 0 0 0 0 0 0 0 0 0 0 0 0 0 0 0 0 0 0 0 0 0 0 0 10

DEBUG (0): data: 11 6 10 1 0 0 0 0 0 0 0 0 0 0 0 0 0 0 0 0 0 0 0 0 0 0 0 0 0 0 0 0 0 0 10

DEBUG (0): data: 11 7 10 2 6 0 0 0 0 0 0 0 0 0 0 0 0 0 0 0 0 0 0 0 0 0 0 0 0 0 0 0 0 0 10

DEBUG (0): data: 11 7 10 2 6 0 0 0 0 0 0 0 0 0 0 0 0 0 0 0 0 0 0 0 0 0 0 0 0 0 0 0 0 0 10

DEBUG (0): data: 11 3 10 8 10 16 21 14 8 7 6 0 0 0 0 0 0 0 0 0 0 0 0 0 0 0 0 0 0 0 0 0 0 0 10

DEBUG (0): data: 11 2 10 10 9 3 10 16 21 14 8 7 6 0 0 0 0 0 0 0 0 0 0 0 0 0 0 0 0 0 0 0 0 0 10

DEBUG (0): data: 11 8 10 3 7 6 0 0 0 0 0 0 0 0 0 0 0 0 0 0 0 0 0 0 0 0 0 0 0 0 0 0 0 0 10

DEBUG (0): data: 11 5 10 8 10 16 21 14 8 7 6 0 0 0 0 0 0 0 0 0 0 0 0 0 0 0 0 0 0 0 0 0 0 0 10

DEBUG (0): data: 11 5 10 8 10 16 21 14 8 7 6 0 0 0 0 0 0 0 0 0 0 0 0 0 0 0 0 0 0 0 0 0 0 0 10

DEBUG (0): data: 11 12 10 5 13 8 7 6 0 0 0 0 0 0 0 0 0 0 0 0 0 0 0 0 0 0 0 0 0 0 0 0 0 0 10

DEBUG (0): data: 11 12 10 5 13 8 7 6 0 0 0 0 0 0 0 0 0 0 0 0 0 0 0 0 0 0 0 0 0 0 0 0 0 0 10

DEBUG (0): data: 11 12 10 5 13 8 7 6 0 0 0 0 0 0 0 0 0 0 0 0 0 0 0 0 0 0 0 0 0 0 0 0 0 0 10

DEBUG (0): data: 11 4 10 9 3 10 16 21 14 8 7 6 0 0 0 0 0 0 0 0 0 0 0 0 0 0 0 0 0 0 0 0 0 0 10

DEBUG (0): data: 11 4 10 9 3 10 16 21 14 8 7 6 0 0 0 0 0 0 0 0 0 0 0 0 0 0 0 0 0 0 0 0 0 0 10

DEBUG (0): data: 11 4 10 9 3 10 16 21 14 8 7 6 0 0 0 0 0 0 0 0 0 0 0 0 0 0 0 0 0 0 0 0 0 0 10

DEBUG (0): data: 11 13 10 4 8 7 6 0 0 0 0 0 0 0 0 0 0 0 0 0 0 0 0 0 0 0 0 0 0 0 0 0 0 0 10

DEBUG (0): data: 11 14 10 4 8 7 6 0 0 0 0 0 0 0 0 0 0 0 0 0 0 0 0 0 0 0 0 0 0 0 0 0 0 0 10

DEBUG (0): data: 11 10 10 7 16 21 14 8 7 6 0 0 0 0 0 0 0 0 0 0 0 0 0 0 0 0 0 0 0 0 0 0 0 0 10

DEBUG (0): data: 11 18 10 6 12 13 8 7 6 0 0 0 0 0 0 0 0 0 0 0 0 0 0 0 0 0 0 0 0 0 0 0 0 0 10

DEBUG (0): data: 11 19 10 5 13 8 7 6 0 0 0 0 0 0 0 0 0 0 0 0 0 0 0 0 0 0 0 0 0 0 0 0 0 0 10

DEBUG (0): data: 11 21 10 5 14 8 7 6 0 0 0 0 0 0 0 0 0 0 0 0 0 0 0 0 0 0 0 0 0 0 0 0 0 0 10

DEBUG (0): data: 11 20 10 6 19 13 8 7 6 0 0 0 0 0 0 0 0 0 0 0 0 0 0 0 0 0 0 0 0 0 0 0 0 0 10

DEBUG (0): data: 11 9 10 9 3 10 16 21 14 8 7 6 0 0 0 0 0 0 0 0 0 0 0 0 0 0 0 0 0 0 0 0 0 0 10

DEBUG (0): data: 11 24 10 7 18 12 13 8 7 6 0 0 0 0 0 0 0 0 0 0 0 0 0 0 0 0 0 0 0 0 0 0 0 0 10

DEBUG (0): data: 11 11 10 8 10 16 21 14 8 7 6 0 0 0 0 0 0 0 0 0 0 0 0 0 0 0 0 0 0 0 0 0 0 0 10

DEBUG (0): data: 11 11 10 8 10 16 21 14 8 7 6 0 0 0 0 0 0 0 0 0 0 0 0 0 0 0 0 0 0 0 0 0 0 0 10

DEBUG (0): data: 11 16 10 6 21 14 8 7 6 0 0 0 0 0 0 0 0 0 0 0 0 0 0 0 0 0 0 0 0 0 0 0 0 0 10

DEBUG (0): data: 11 22 10 7 16 21 14 8 7 6 0 0 0 0 0 0 0 0 0 0 0 0 0 0 0 0 0 0 0 0 0 0 0 0 10

DEBUG (0): data: 11 17 10 9 11 10 16 21 14 8 7 6 0 0 0 0 0 0 0 0 0 0 0 0 0 0 0 0 0 0 0 0 0 0 10

DEBUG (0): data: 11 17 10 9 11 10 16 21 14 8 7 6 0 0 0 0 0 0 0 0 0 0 0 0 0 0 0 0 0 0 0 0 0 0 10

DEBUG (0): data: 11 15 10 10 9 3 10 16 21 14 8 7 6 0 0 0 0 0 0 0 0 0 0 0 0 0 0 0 0 0 0 0 0 0 10

DEBUG (0): data: 11 27 10 6 21 14 8 7 6 0 0 0 0 0 0 0 0 0 0 0 0 0 0 0 0 0 0 0 0 0 0 0 0 0 10

DEBUG (0): data: 11 27 10 6 21 14 8 7 6 0 0 0 0 0 0 0 0 0 0 0 0 0 0 0 0 0 0 0 0 0 0 0 0 0 10

DEBUG (0): data: 11 23 10 7 16 21 14 8 7 6 0 0 0 0 0 0 0 0 0 0 0 0 0 0 0 0 0 0 0 0 0 0 0 0 10

DEBUG (0): data: 11 28 10 5 27 21 14 6 0 0 0 0 0 0 0 0 0 0 0 0 0 0 0 0 0 0 0 0 0 0 0 0 0 0 10

DEBUG (0): data: 11 29 10 6 23 16 21 14 6 0 0 0 0 0 0 0 0 0 0 0 0 0 0 0 0 0 0 0 0 0 0 0 0 0 10

DEBUG (0): data: 11 29 10 6 23 16 21 14 6 0 0 0 0 0 0 0 0 0 0 0 0 0 0 0 0 0 0 0 0 0 0 0 0 0 10

DEBUG (0): data: 11 33 10 5 27 21 14 6 0 0 0 0 0 0 0 0 0 0 0 0 0 0 0 0 0 0 0 0 0 0 0 0 0 0 10

DEBUG (0): data: 11 34 10 6 33 27 21 14 6 0 0 0 0 0 0 0 0 0 0 0 0 0 0 0 0 0 0 0 0 0 0 0 0 0 10

DEBUG (0): data: 11 34 10 6 33 27 21 14 6 0 0 0 0 0 0 0 0 0 0 0 0 0 0 0 0 0 0 0 0 0 0 0 0 0 10

DEBUG (0): data: 11 29 10 8 23 16 22 27 21 14 6 0 0 0 0 0 0 0 0 0 0 0 0 0 0 0 0 0 0 0 0 0 0 0 10

DEBUG (0): data: 11 35 10 9 29 23 16 22 27 21 14 6 0 0 0 0 0 0 0 0 0 0 0 0 0 0 0 0 0 0 0 0 0 0 10

1: [0]
	total: 1
2: [3, 9]
	total: 3
3: [10]
	total: 4
4: [3]
	total: 5
5: [10]
	total: 6
6: [0]
	total: 7
7: [6]
	total: 8
8: [7]
	total: 9
9: [3]
	total: 10
10: [16]
	total: 11
11: [10]
	total: 12
12: [13]
	total: 13
13: [8]
	total: 14
14: [8, 6]
	total: 16
15: [9]
	total: 17
16: [23, 22, 21]
	total: 20
17: [11]
	total: 21
18: [20, 12]
	total: 23
19: [8, 13]
	total: 25
20: [19]
	total: 26
21: [20, 14]
	total: 28
22: [27, 16]
	total: 30
23: [29, 16]
	total: 32
24: [18]
	total: 33
25: [19]
	total: 34
27: [21]
	total: 35
28: [33, 27]
	total: 37
29: [28, 34, 33, 23]
	total: 41
33: [27]
	total: 42
34: [33]
	total: 43
35: [29]
	total: 44
------------	 avg_size: 1.4194 
---------------------------------- cycle_count: 5
DEBUG (0): data: 12 1 11 1 0 0 0 0 0 0 0 0 0 0 0 0 0 0 0 0 0 0 0 0 0 0 0 0 0 0 0 0 0 0 11

DEBUG (0): data: 12 3 11 6 10 16 21 14 6 0 0 0 0 0 0 0 0 0 0 0 0 0 0 0 0 0 0 0 0 0 0 0 0 0 11

DEBUG (0): data: 12 6 11 1 0 0 0 0 0 0 0 0 0 0 0 0 0 0 0 0 0 0 0 0 0 0 0 0 0 0 0 0 0 0 11

DEBUG (0): data: 12 7 11 2 6 0 0 0 0 0 0 0 0 0 0 0 0 0 0 0 0 0 0 0 0 0 0 0 0 0 0 0 0 0 11

DEBUG (0): data: 12 8 11 3 7 6 0 0 0 0 0 0 0 0 0 0 0 0 0 0 0 0 0 0 0 0 0 0 0 0 0 0 0 0 11

DEBUG (0): data: 12 8 11 3 7 6 0 0 0 0 0 0 0 0 0 0 0 0 0 0 0 0 0 0 0 0 0 0 0 0 0 0 0 0 11

DEBUG (0): data: 12 5 11 6 10 16 21 14 6 0 0 0 0 0 0 0 0 0 0 0 0 0 0 0 0 0 0 0 0 0 0 0 0 0 11

DEBUG (0): data: 12 14 11 2 6 0 0 0 0 0 0 0 0 0 0 0 0 0 0 0 0 0 0 0 0 0 0 0 0 0 0 0 0 0 11

DEBUG (0): data: 12 4 11 7 3 10 16 21 14 6 0 0 0 0 0 0 0 0 0 0 0 0 0 0 0 0 0 0 0 0 0 0 0 0 11

DEBUG (0): data: 12 13 11 4 8 7 6 0 0 0 0 0 0 0 0 0 0 0 0 0 0 0 0 0 0 0 0 0 0 0 0 0 0 0 11

DEBUG (0): data: 12 10 11 5 16 21 14 6 0 0 0 0 0 0 0 0 0 0 0 0 0 0 0 0 0 0 0 0 0 0 0 0 0 0 11

DEBUG (0): data: 12 10 11 5 16 21 14 6 0 0 0 0 0 0 0 0 0 0 0 0 0 0 0 0 0 0 0 0 0 0 0 0 0 0 11

DEBUG (0): data: 12 12 11 5 13 8 7 6 0 0 0 0 0 0 0 0 0 0 0 0 0 0 0 0 0 0 0 0 0 0 0 0 0 0 11

DEBUG (0): data: 12 11 11 6 10 16 21 14 6 0 0 0 0 0 0 0 0 0 0 0 0 0 0 0 0 0 0 0 0 0 0 0 0 0 11

DEBUG (0): data: 12 21 11 3 14 6 0 0 0 0 0 0 0 0 0 0 0 0 0 0 0 0 0 0 0 0 0 0 0 0 0 0 0 0 11

DEBUG (0): data: 12 21 11 3 14 6 0 0 0 0 0 0 0 0 0 0 0 0 0 0 0 0 0 0 0 0 0 0 0 0 0 0 0 0 11

DEBUG (0): data: 12 19 11 5 13 8 7 6 0 0 0 0 0 0 0 0 0 0 0 0 0 0 0 0 0 0 0 0 0 0 0 0 0 0 11

DEBUG (0): data: 12 22 11 5 27 21 14 6 0 0 0 0 0 0 0 0 0 0 0 0 0 0 0 0 0 0 0 0 0 0 0 0 0 0 11

DEBUG (0): data: 12 22 11 5 27 21 14 6 0 0 0 0 0 0 0 0 0 0 0 0 0 0 0 0 0 0 0 0 0 0 0 0 0 0 11

DEBUG (0): data: 12 22 11 5 27 21 14 6 0 0 0 0 0 0 0 0 0 0 0 0 0 0 0 0 0 0 0 0 0 0 0 0 0 0 11

DEBUG (0): data: 12 18 11 6 12 13 8 7 6 0 0 0 0 0 0 0 0 0 0 0 0 0 0 0 0 0 0 0 0 0 0 0 0 0 11

DEBUG (0): data: 12 18 11 6 12 13 8 7 6 0 0 0 0 0 0 0 0 0 0 0 0 0 0 0 0 0 0 0 0 0 0 0 0 0 11

DEBUG (0): data: 12 20 11 3 14 6 0 0 0 0 0 0 0 0 0 0 0 0 0 0 0 0 0 0 0 0 0 0 0 0 0 0 0 0 11

DEBUG (0): data: 12 25 11 6 19 13 8 7 6 0 0 0 0 0 0 0 0 0 0 0 0 0 0 0 0 0 0 0 0 0 0 0 0 0 11

DEBUG (0): data: 12 25 11 6 19 13 8 7 6 0 0 0 0 0 0 0 0 0 0 0 0 0 0 0 0 0 0 0 0 0 0 0 0 0 11

DEBUG (0): data: 12 11 11 8 10 16 22 27 21 14 6 0 0 0 0 0 0 0 0 0 0 0 0 0 0 0 0 0 0 0 0 0 0 0 11

DEBUG (0): data: 12 24 11 7 18 12 13 8 7 6 0 0 0 0 0 0 0 0 0 0 0 0 0 0 0 0 0 0 0 0 0 0 0 0 11

DEBUG (0): data: 12 27 11 4 21 14 6 0 0 0 0 0 0 0 0 0 0 0 0 0 0 0 0 0 0 0 0 0 0 0 0 0 0 0 11

DEBUG (0): data: 12 16 11 6 21 27 21 14 6 0 0 0 0 0 0 0 0 0 0 0 0 0 0 0 0 0 0 0 0 0 0 0 0 0 11

DEBUG (0): data: 12 28 11 5 27 21 14 6 0 0 0 0 0 0 0 0 0 0 0 0 0 0 0 0 0 0 0 0 0 0 0 0 0 0 11

DEBUG (0): data: 12 17 11 9 11 10 16 22 27 21 14 6 0 0 0 0 0 0 0 0 0 0 0 0 0 0 0 0 0 0 0 0 0 0 11

DEBUG (0): data: 12 15 11 10 9 3 10 16 22 27 21 14 6 0 0 0 0 0 0 0 0 0 0 0 0 0 0 0 0 0 0 0 0 0 11

DEBUG (0): data: 12 26 11 7 32 33 27 21 14 6 0 0 0 0 0 0 0 0 0 0 0 0 0 0 0 0 0 0 0 0 0 0 0 0 11

DEBUG (0): data: 12 33 11 5 27 21 14 6 0 0 0 0 0 0 0 0 0 0 0 0 0 0 0 0 0 0 0 0 0 0 0 0 0 0 11

DEBUG (0): data: 12 34 11 6 33 27 21 14 6 0 0 0 0 0 0 0 0 0 0 0 0 0 0 0 0 0 0 0 0 0 0 0 0 0 11

DEBUG (0): data: 12 34 11 6 33 27 21 14 6 0 0 0 0 0 0 0 0 0 0 0 0 0 0 0 0 0 0 0 0 0 0 0 0 0 11

DEBUG (0): data: 12 23 11 7 16 22 27 21 14 6 0 0 0 0 0 0 0 0 0 0 0 0 0 0 0 0 0 0 0 0 0 0 0 0 11

DEBUG (0): data: 12 29 11 8 23 16 22 27 21 14 6 0 0 0 0 0 0 0 0 0 0 0 0 0 0 0 0 0 0 0 0 0 0 0 11

DEBUG (0): data: 12 29 11 8 23 16 22 27 21 14 6 0 0 0 0 0 0 0 0 0 0 0 0 0 0 0 0 0 0 0 0 0 0 0 11

DEBUG (0): data: 12 35 11 7 29 28 27 21 14 6 0 0 0 0 0 0 0 0 0 0 0 0 0 0 0 0 0 0 0 0 0 0 0 0 11

DEBUG (0): data: 13 1 12 1 0 0 0 0 0 0 0 0 0 0 0 0 0 0 0 0 0 0 0 0 0 0 0 0 0 0 0 0 0 0 12

DEBUG (0): data: 13 1 12 1 0 0 0 0 0 0 0 0 0 0 0 0 0 0 0 0 0 0 0 0 0 0 0 0 0 0 0 0 0 0 12

DEBUG (0): data: 13 6 12 1 0 0 0 0 0 0 0 0 0 0 0 0 0 0 0 0 0 0 0 0 0 0 0 0 0 0 0 0 0 0 12

DEBUG (0): data: 13 2 12 10 9 3 10 16 22 27 21 14 6 0 0 0 0 0 0 0 0 0 0 0 0 0 0 0 0 0 0 0 0 0 12

DEBUG (0): data: 13 2 12 10 9 3 10 16 22 27 21 14 6 0 0 0 0 0 0 0 0 0 0 0 0 0 0 0 0 0 0 0 0 0 12

DEBUG (0): data: 13 7 12 2 6 0 0 0 0 0 0 0 0 0 0 0 0 0 0 0 0 0 0 0 0 0 0 0 0 0 0 0 0 0 12

DEBUG (0): data: 13 8 12 3 7 6 0 0 0 0 0 0 0 0 0 0 0 0 0 0 0 0 0 0 0 0 0 0 0 0 0 0 0 0 12

DEBUG (0): data: 13 3 12 8 10 16 22 27 21 14 6 0 0 0 0 0 0 0 0 0 0 0 0 0 0 0 0 0 0 0 0 0 0 0 12

DEBUG (0): data: 13 3 12 8 10 16 22 27 21 14 6 0 0 0 0 0 0 0 0 0 0 0 0 0 0 0 0 0 0 0 0 0 0 0 12

DEBUG (0): data: 13 3 12 8 10 16 22 27 21 14 6 0 0 0 0 0 0 0 0 0 0 0 0 0 0 0 0 0 0 0 0 0 0 0 12

DEBUG (0): data: 13 5 12 8 10 16 22 27 21 14 6 0 0 0 0 0 0 0 0 0 0 0 0 0 0 0 0 0 0 0 0 0 0 0 12

DEBUG (0): data: 13 13 12 4 8 7 6 0 0 0 0 0 0 0 0 0 0 0 0 0 0 0 0 0 0 0 0 0 0 0 0 0 0 0 12

DEBUG (0): data: 13 14 12 2 6 0 0 0 0 0 0 0 0 0 0 0 0 0 0 0 0 0 0 0 0 0 0 0 0 0 0 0 0 0 12

DEBUG (0): data: 13 4 12 9 3 10 16 22 27 21 14 6 0 0 0 0 0 0 0 0 0 0 0 0 0 0 0 0 0 0 0 0 0 0 12

DEBUG (0): data: 13 4 12 9 3 10 16 22 27 21 14 6 0 0 0 0 0 0 0 0 0 0 0 0 0 0 0 0 0 0 0 0 0 0 12

DEBUG (0): data: 13 9 12 9 3 10 16 22 27 21 14 6 0 0 0 0 0 0 0 0 0 0 0 0 0 0 0 0 0 0 0 0 0 0 12

DEBUG (0): data: 13 9 12 9 3 10 16 22 27 21 14 6 0 0 0 0 0 0 0 0 0 0 0 0 0 0 0 0 0 0 0 0 0 0 12

DEBUG (0): data: 13 12 12 5 13 8 7 6 0 0 0 0 0 0 0 0 0 0 0 0 0 0 0 0 0 0 0 0 0 0 0 0 0 0 12

DEBUG (0): data: 13 10 12 7 16 22 27 21 14 6 0 0 0 0 0 0 0 0 0 0 0 0 0 0 0 0 0 0 0 0 0 0 0 0 12

DEBUG (0): data: 13 10 12 7 16 22 27 21 14 6 0 0 0 0 0 0 0 0 0 0 0 0 0 0 0 0 0 0 0 0 0 0 0 0 12

DEBUG (0): data: 13 18 12 6 12 13 8 7 6 0 0 0 0 0 0 0 0 0 0 0 0 0 0 0 0 0 0 0 0 0 0 0 0 0 12

DEBUG (0): data: 13 11 12 8 10 16 22 27 21 14 6 0 0 0 0 0 0 0 0 0 0 0 0 0 0 0 0 0 0 0 0 0 0 0 12

DEBUG (0): data: 13 11 12 8 10 16 22 27 21 14 6 0 0 0 0 0 0 0 0 0 0 0 0 0 0 0 0 0 0 0 0 0 0 0 12

DEBUG (0): data: 13 21 12 3 14 6 0 0 0 0 0 0 0 0 0 0 0 0 0 0 0 0 0 0 0 0 0 0 0 0 0 0 0 0 12

DEBUG (0): data: 13 20 12 4 21 14 6 0 0 0 0 0 0 0 0 0 0 0 0 0 0 0 0 0 0 0 0 0 0 0 0 0 0 0 12

DEBUG (0): data: 13 19 12 3 14 6 0 0 0 0 0 0 0 0 0 0 0 0 0 0 0 0 0 0 0 0 0 0 0 0 0 0 0 0 12

DEBUG (0): data: 13 19 12 3 14 6 0 0 0 0 0 0 0 0 0 0 0 0 0 0 0 0 0 0 0 0 0 0 0 0 0 0 0 0 12

DEBUG (0): data: 13 24 12 7 18 12 13 8 7 6 0 0 0 0 0 0 0 0 0 0 0 0 0 0 0 0 0 0 0 0 0 0 0 0 12

DEBUG (0): data: 13 24 12 7 18 12 13 8 7 6 0 0 0 0 0 0 0 0 0 0 0 0 0 0 0 0 0 0 0 0 0 0 0 0 12

DEBUG (0): data: 13 16 12 6 22 27 21 14 6 0 0 0 0 0 0 0 0 0 0 0 0 0 0 0 0 0 0 0 0 0 0 0 0 0 12

DEBUG (0): data: 13 17 12 9 11 10 16 22 27 21 14 6 0 0 0 0 0 0 0 0 0 0 0 0 0 0 0 0 0 0 0 0 0 0 12

DEBUG (0): data: 13 17 12 11 11 10 16 22 27 21 14 8 7 6 0 0 0 0 0 0 0 0 0 0 0 0 0 0 0 0 0 0 0 0 12

DEBUG (0): data: 13 25 12 6 19 14 8 7 6 0 0 0 0 0 0 0 0 0 0 0 0 0 0 0 0 0 0 0 0 0 0 0 0 0 12

DEBUG (0): data: 13 15 12 12 9 3 10 16 22 27 21 14 8 7 6 0 0 0 0 0 0 0 0 0 0 0 0 0 0 0 0 0 0 0 12

DEBUG (0): data: 13 22 12 7 27 21 14 8 7 6 0 0 0 0 0 0 0 0 0 0 0 0 0 0 0 0 0 0 0 0 0 0 0 0 12

DEBUG (0): data: 13 23 12 9 29 28 27 21 14 8 7 6 0 0 0 0 0 0 0 0 0 0 0 0 0 0 0 0 0 0 0 0 0 0 12

DEBUG (0): data: 13 27 12 6 21 14 8 7 6 0 0 0 0 0 0 0 0 0 0 0 0 0 0 0 0 0 0 0 0 0 0 0 0 0 12

DEBUG (0): data: 13 28 12 7 27 21 14 8 7 6 0 0 0 0 0 0 0 0 0 0 0 0 0 0 0 0 0 0 0 0 0 0 0 0 12

DEBUG (0): data: 13 29 12 8 28 27 21 14 8 7 6 0 0 0 0 0 0 0 0 0 0 0 0 0 0 0 0 0 0 0 0 0 0 0 12

DEBUG (0): data: 13 33 12 7 27 21 14 8 7 6 0 0 0 0 0 0 0 0 0 0 0 0 0 0 0 0 0 0 0 0 0 0 0 0 12

DEBUG (0): data: 13 33 12 7 27 21 14 8 7 6 0 0 0 0 0 0 0 0 0 0 0 0 0 0 0 0 0 0 0 0 0 0 0 0 12

DEBUG (0): data: 13 34 12 8 33 27 21 14 8 7 6 0 0 0 0 0 0 0 0 0 0 0 0 0 0 0 0 0 0 0 0 0 0 0 12

DEBUG (0): data: 13 34 12 8 33 27 21 14 8 7 6 0 0 0 0 0 0 0 0 0 0 0 0 0 0 0 0 0 0 0 0 0 0 0 12

DEBUG (0): data: 13 34 12 8 33 27 21 14 8 7 6 0 0 0 0 0 0 0 0 0 0 0 0 0 0 0 0 0 0 0 0 0 0 0 12

DEBUG (0): data: 13 35 12 9 29 28 27 21 14 8 7 6 0 0 0 0 0 0 0 0 0 0 0 0 0 0 0 0 0 0 0 0 0 0 12

DEBUG (0): data: 14 1 13 1 0 0 0 0 0 0 0 0 0 0 0 0 0 0 0 0 0 0 0 0 0 0 0 0 0 0 0 0 0 0 13

DEBUG (0): data: 14 1 13 1 0 0 0 0 0 0 0 0 0 0 0 0 0 0 0 0 0 0 0 0 0 0 0 0 0 0 0 0 0 0 13

DEBUG (0): data: 14 6 13 1 0 0 0 0 0 0 0 0 0 0 0 0 0 0 0 0 0 0 0 0 0 0 0 0 0 0 0 0 0 0 13

DEBUG (0): data: 14 7 13 2 6 0 0 0 0 0 0 0 0 0 0 0 0 0 0 0 0 0 0 0 0 0 0 0 0 0 0 0 0 0 13

DEBUG (0): data: 14 8 13 3 7 6 0 0 0 0 0 0 0 0 0 0 0 0 0 0 0 0 0 0 0 0 0 0 0 0 0 0 0 0 13

DEBUG (0): data: 14 12 13 5 13 8 7 6 0 0 0 0 0 0 0 0 0 0 0 0 0 0 0 0 0 0 0 0 0 0 0 0 0 0 13

DEBUG (0): data: 14 13 13 4 8 7 6 0 0 0 0 0 0 0 0 0 0 0 0 0 0 0 0 0 0 0 0 0 0 0 0 0 0 0 13

DEBUG (0): data: 14 14 13 4 8 7 6 0 0 0 0 0 0 0 0 0 0 0 0 0 0 0 0 0 0 0 0 0 0 0 0 0 0 0 13

DEBUG (0): data: 14 19 13 4 8 7 6 0 0 0 0 0 0 0 0 0 0 0 0 0 0 0 0 0 0 0 0 0 0 0 0 0 0 0 13

DEBUG (0): data: 14 19 13 4 8 7 6 0 0 0 0 0 0 0 0 0 0 0 0 0 0 0 0 0 0 0 0 0 0 0 0 0 0 0 13

DEBUG (0): data: 14 19 13 4 8 7 6 0 0 0 0 0 0 0 0 0 0 0 0 0 0 0 0 0 0 0 0 0 0 0 0 0 0 0 13

DEBUG (0): data: 14 21 13 5 14 8 7 6 0 0 0 0 0 0 0 0 0 0 0 0 0 0 0 0 0 0 0 0 0 0 0 0 0 0 13

DEBUG (0): data: 14 18 13 6 12 13 8 7 6 0 0 0 0 0 0 0 0 0 0 0 0 0 0 0 0 0 0 0 0 0 0 0 0 0 13

DEBUG (0): data: 14 22 13 7 16 21 14 8 7 6 0 0 0 0 0 0 0 0 0 0 0 0 0 0 0 0 0 0 0 0 0 0 0 0 13

DEBUG (0): data: 14 20 13 5 19 8 7 6 0 0 0 0 0 0 0 0 0 0 0 0 0 0 0 0 0 0 0 0 0 0 0 0 0 0 13

DEBUG (0): data: 14 20 13 5 19 8 7 6 0 0 0 0 0 0 0 0 0 0 0 0 0 0 0 0 0 0 0 0 0 0 0 0 0 0 13

DEBUG (0): data: 14 24 13 7 18 12 13 8 7 6 0 0 0 0 0 0 0 0 0 0 0 0 0 0 0 0 0 0 0 0 0 0 0 0 13

DEBUG (0): data: 14 25 13 5 19 8 7 6 0 0 0 0 0 0 0 0 0 0 0 0 0 0 0 0 0 0 0 0 0 0 0 0 0 0 13

DEBUG (0): data: 14 23 13 9 29 28 27 21 14 8 7 6 0 0 0 0 0 0 0 0 0 0 0 0 0 0 0 0 0 0 0 0 0 0 13

DEBUG (0): data: 14 23 13 9 29 28 27 21 14 8 7 6 0 0 0 0 0 0 0 0 0 0 0 0 0 0 0 0 0 0 0 0 0 0 13

DEBUG (0): data: 14 27 13 6 21 14 8 7 6 0 0 0 0 0 0 0 0 0 0 0 0 0 0 0 0 0 0 0 0 0 0 0 0 0 13

DEBUG (0): data: 14 24 13 6 18 19 8 7 6 0 0 0 0 0 0 0 0 0 0 0 0 0 0 0 0 0 0 0 0 0 0 0 0 0 13

DEBUG (0): data: 14 16 13 10 14 29 28 27 21 14 8 7 6 0 0 0 0 0 0 0 0 0 0 0 0 0 0 0 0 0 0 0 0 0 13

DEBUG (0): data: 14 28 13 7 27 21 14 8 7 6 0 0 0 0 0 0 0 0 0 0 0 0 0 0 0 0 0 0 0 0 0 0 0 0 13

DEBUG (0): data: 14 28 13 7 27 21 14 8 7 6 0 0 0 0 0 0 0 0 0 0 0 0 0 0 0 0 0 0 0 0 0 0 0 0 13

DEBUG (0): data: 14 34 13 8 33 27 21 14 8 7 6 0 0 0 0 0 0 0 0 0 0 0 0 0 0 0 0 0 0 0 0 0 0 0 13

DEBUG (0): data: 14 34 13 8 33 27 21 14 8 7 6 0 0 0 0 0 0 0 0 0 0 0 0 0 0 0 0 0 0 0 0 0 0 0 13

DEBUG (0): data: 14 17 13 14 11 10 16 23 29 28 33 27 21 14 8 7 6 0 0 0 0 0 0 0 0 0 0 0 0 0 0 0 0 0 13

DEBUG (0): data: 14 29 13 9 28 33 27 21 14 8 7 6 0 0 0 0 0 0 0 0 0 0 0 0 0 0 0 0 0 0 0 0 0 0 13

DEBUG (0): data: 14 29 13 9 28 33 27 21 14 8 7 6 0 0 0 0 0 0 0 0 0 0 0 0 0 0 0 0 0 0 0 0 0 0 13

DEBUG (0): data: 14 33 13 9 28 33 27 21 14 8 7 6 0 0 0 0 0 0 0 0 0 0 0 0 0 0 0 0 0 0 0 0 0 0 13

DEBUG (0): data: 14 15 13 21 9 3 2 9 3 2 9 3 10 16 23 29 34 33 27 21 14 8 7 6 0 0 0 0 0 0 0 0 0 0 13

DEBUG (0): data: 14 35 13 10 29 28 33 27 21 14 8 7 6 0 0 0 0 0 0 0 0 0 0 0 0 0 0 0 0 0 0 0 0 0 13

1: [0]
	total: 1
2: [9]
	total: 2
3: [10, 2]
	total: 4
4: [3]
	total: 5
5: [10]
	total: 6
6: [0]
	total: 7
7: [6]
	total: 8
8: [7]
	total: 9
9: [3]
	total: 10
10: [16]
	total: 11
11: [10]
	total: 12
12: [13]
	total: 13
13: [8]
	total: 14
14: [6, 8, 29]
	total: 17
15: [9]
	total: 18
16: [21, 22, 14, 23]
	total: 22
17: [11]
	total: 23
18: [12, 19]
	total: 25
19: [13, 14, 8]
	total: 28
20: [14, 21, 19]
	total: 31
21: [14, 27]
	total: 33
22: [27, 16]
	total: 35
23: [16, 29]
	total: 37
24: [18]
	total: 38
25: [19]
	total: 39
26: [32]
	total: 40
27: [21]
	total: 41
28: [27, 33]
	total: 43
29: [23, 28, 34]
	total: 46
32: [33]
	total: 47
33: [27, 28]
	total: 49
34: [33]
	total: 50
35: [29]
	total: 51
------------	 avg_size: 1.5455 
