cycle	cycle_prr	duplicates	loop_count	hop_avg	std	loopy_hop_avg	std	link_usage	err_count
1	0.7667	0	0	2.6522	1.5211	nan	nan	61	0
2	0.8667	0	0	2.5000	1.2481	nan	nan	65	0
3	1.0000	0	0	2.5667	1.2023	nan	nan	77	0
4	0.9667	0	0	2.5862	1.1895	nan	nan	75	0
5	0.9667	0	0	2.4828	1.1633	nan	nan	72	0
6	0.9333	0	0	2.7500	1.4790	nan	nan	77	0
7	0.9333	0	0	2.9286	1.5795	nan	nan	82	0
8	0.8667	0	0	2.7308	1.3744	nan	nan	71	0
9	0.8667	0	0	2.4231	1.2144	nan	nan	63	0
10	0.9333	0	1	2.8571	1.4321	5.0000	0.0000	80	0
11	0.9000	0	0	2.6296	1.2217	nan	nan	71	0
12	0.9667	0	0	2.7586	1.4775	nan	nan	80	0
13	0.9000	0	1	2.7407	1.4035	4.0000	0.0000	74	0
14	0.9333	0	1	2.8929	1.4962	5.0000	0.0000	81	0
15	0.9333	0	1	2.7857	1.4966	6.0000	0.0000	78	0
16	0.9333	0	0	2.4286	1.0498	nan	nan	68	0
17	0.9333	0	0	2.5714	1.2080	nan	nan	72	0
18	0.9000	0	0	2.4074	1.1307	nan	nan	65	0
19	0.8667	0	3	3.1538	1.9941	6.0000	2.1602	82	0
20	0.9667	0	0	2.7241	1.4359	nan	nan	79	0
21	0.9667	0	0	2.8966	1.5165	nan	nan	84	0
22	0.9000	0	0	2.6667	1.5396	nan	nan	72	0
23	1.0000	0	1	3.2000	1.5578	5.0000	0.0000	96	0
24	0.9000	0	0	2.7037	1.3000	nan	nan	73	0
25	0.9333	0	0	2.4643	1.1490	nan	nan	69	0
26	0.9667	0	0	2.5862	1.1602	nan	nan	75	0
27	0.8667	0	0	2.6538	1.4126	nan	nan	69	0
28	0.9333	0	0	2.4286	1.1780	nan	nan	68	0
29	0.8333	0	0	2.3200	1.1214	nan	nan	58	0
30	0.8667	0	0	2.4231	1.1823	nan	nan	63	0
31	0.9333	0	0	2.7143	1.3851	nan	nan	76	0
32	0.9000	0	0	2.3333	1.1547	nan	nan	63	0
33	0.9000	0	0	2.8889	1.5235	nan	nan	78	0
34	0.9000	0	1	2.5185	1.3157	5.0000	0.0000	68	0
35	0.5667	0	0	2.7647	2.0445	nan	nan	47	0
36	0.6000	0	2	5.1667	4.0173	6.0000	2.0000	93	0
37	0.8667	0	2	3.5000	2.0239	4.5000	0.5000	91	0
38	0.9000	0	0	2.4074	1.0632	nan	nan	65	0
39	0.8667	0	0	2.3462	1.1074	nan	nan	61	0
40	0.8333	0	0	2.8000	1.7664	nan	nan	70	0
41	0.5000	0	0	2.6000	2.3324	nan	nan	39	0
42	0.4667	0	0	2.5000	2.5000	nan	nan	35	0
43	0.4333	0	0	1.6154	0.8356	nan	nan	21	0
44	0.0667	0	0	2.0000	1.0000	nan	nan	4	0
45	0.1333	0	3	10.5000	1.5000	9.6667	0.4714	42	0
46	0.2667	0	0	1.2500	0.6614	nan	nan	10	0
47	0.0333	0	1	12.0000	0.0000	12.0000	0.0000	12	0
48	0.2667	0	1	3.3750	0.4841	4.0000	0.0000	27	0
49	0.0333	0	1	8.0000	0.0000	8.0000	0.0000	8	0
50	0.0333	0	1	14.0000	0.0000	14.0000	0.0000	14	0
51	0.0333	0	0	3.0000	0.0000	nan	nan	3	0
52	0.0333	0	1	16.0000	0.0000	16.0000	0.0000	16	0
53	0.0333	0	1	7.0000	0.0000	7.0000	0.0000	7	0
54	0.0333	0	1	15.0000	0.0000	15.0000	0.0000	15	0
55	0.1333	0	2	6.7500	1.9203	6.5000	2.5000	27	0
56	0.0333	0	1	16.0000	0.0000	16.0000	0.0000	16	0
57	0.0333	0	1	17.0000	0.0000	17.0000	0.0000	17	0
58	0.9333	0	0	2.6071	1.2912	nan	nan	73	0
59	0.9000	0	0	2.4815	1.2284	nan	nan	67	0
60	0.8667	0	0	2.7308	1.6538	nan	nan	71	0
61	0.9333	0	0	2.7857	1.4966	nan	nan	78	0
62	0.9333	0	0	2.5714	1.2372	nan	nan	72	0
63	0.9000	0	0	2.6667	1.3878	nan	nan	72	0
64	0.9000	0	0	2.7407	1.3497	nan	nan	74	0
65	0.9000	0	0	2.7037	1.4094	nan	nan	73	0
66	0.9333	2	1	2.8276	1.5552	5.0000	0.0000	82	0
67	0.8000	0	0	2.3333	1.2472	nan	nan	56	0
68	0.9333	0	0	2.5000	1.2101	nan	nan	70	0
69	0.9333	0	0	2.7500	1.3791	nan	nan	77	0
70	0.8333	0	0	2.8400	1.6657	nan	nan	71	0
71	0.8667	0	1	2.7308	1.6538	7.0000	0.0000	71	0
72	0.8000	0	0	2.5417	1.4136	nan	nan	61	0
73	0.9000	0	0	2.5185	1.1012	nan	nan	68	0
74	0.9000	0	0	2.7778	1.4229	nan	nan	75	0
75	0.9333	0	0	2.5357	1.1175	nan	nan	71	0
76	0.9333	0	0	2.6429	1.3420	nan	nan	74	0
77	0.9333	0	0	2.6071	1.3185	nan	nan	73	0
78	0.9333	0	0	2.4286	1.2080	nan	nan	68	0
79	0.8667	0	1	2.8077	1.6413	4.0000	0.0000	73	0
80	0.9333	0	1	3.1429	1.8654	6.0000	0.0000	88	0
81	0.9000	0	0	2.5556	1.3426	nan	nan	69	0
82	0.9000	0	0	2.6296	1.2809	nan	nan	71	0
83	0.9333	0	0	2.6071	1.2346	nan	nan	73	0
84	0.9333	0	0	2.7143	1.3325	nan	nan	76	0
85	0.8667	0	0	2.8077	1.5694	nan	nan	73	0
86	0.8667	0	0	2.6154	1.4432	nan	nan	68	0
87	0.9000	0	0	2.5185	1.4239	nan	nan	68	0
88	0.8667	0	0	3.3462	1.9989	nan	nan	87	0
89	0.9000	0	0	2.3704	1.1594	nan	nan	64	0
90	0.9000	0	0	2.4444	1.0999	nan	nan	66	0
91	0.9000	0	0	2.5185	1.1978	nan	nan	68	0
92	0.9000	0	0	2.4815	1.1978	nan	nan	67	0
93	0.8333	0	0	2.4000	1.1314	nan	nan	60	0
94	0.8667	0	0	2.4615	1.1842	nan	nan	64	0
95	0.8667	0	0	2.5769	1.1494	nan	nan	67	0
96	0.8333	0	0	2.6800	1.3482	nan	nan	67	0
97	0.8667	0	0	2.5385	1.1842	nan	nan	66	0
98	0.9000	0	0	2.5926	1.2549	nan	nan	70	0
99	0.8000	0	0	2.5417	1.2903	nan	nan	61	0
100	0.8333	0	0	2.1600	0.9666	nan	nan	54	0
101	0.8667	0	1	3.1154	2.0815	7.0000	0.0000	81	0
102	0.9000	0	0	2.8148	1.5405	nan	nan	76	0
103	0.8667	0	0	2.7692	1.3674	nan	nan	72	0
104	0.9333	0	0	2.3929	1.0467	nan	nan	67	0
105	0.8333	0	0	2.8800	1.6080	nan	nan	72	0
106	0.8667	0	1	2.8462	1.4058	4.0000	0.0000	74	0
107	0.8333	0	0	2.3200	1.0088	nan	nan	58	0
108	0.8667	0	0	2.5000	1.1519	nan	nan	65	0
109	0.8667	0	0	2.9231	1.5670	nan	nan	76	0
110	0.9333	0	0	2.6786	1.2263	nan	nan	75	0
111	0.8000	0	1	2.8750	1.5360	5.0000	0.0000	69	0
112	0.8667	0	0	2.6923	1.2940	nan	nan	70	0
113	0.8667	0	0	2.5385	1.3077	nan	nan	66	0
114	0.9000	0	0	2.5556	1.1967	nan	nan	69	0
115	0.9000	0	0	2.4444	1.0657	nan	nan	66	0
116	0.8667	0	1	2.4615	1.2475	5.0000	0.0000	64	0
117	0.8333	0	0	2.3600	1.0538	nan	nan	59	0
118	0.7667	0	1	3.0000	2.0430	9.0000	0.0000	69	0
119	0.8667	0	0	2.9615	1.6980	nan	nan	77	0
120	0.8667	0	1	2.6923	1.4079	4.0000	0.0000	70	0
121	0.7667	0	0	2.5652	1.3130	nan	nan	59	0
122	0.8000	0	0	2.5417	1.3838	nan	nan	61	0
123	0.7667	0	0	2.3043	1.2661	nan	nan	53	0
124	0.8000	0	1	2.8333	1.5986	5.0000	0.0000	68	0
125	0.9000	0	1	3.1852	1.8666	8.0000	0.0000	86	0
126	0.8333	0	0	2.4800	1.2040	nan	nan	62	0
127	0.8000	0	0	2.2917	1.1719	nan	nan	55	0
128	0.8333	0	0	2.6400	1.5200	nan	nan	66	0
129	0.7667	0	0	2.8261	1.8333	nan	nan	65	0
130	0.8000	0	0	3.0417	1.5133	nan	nan	73	0
131	0.7667	0	0	2.4783	1.1747	nan	nan	57	0
132	0.8667	0	0	2.4231	1.0804	nan	nan	63	0
133	0.9000	0	0	2.6667	1.2172	nan	nan	72	0
134	0.8333	0	0	2.4400	1.1342	nan	nan	61	0
135	0.8667	0	0	3.0769	1.7958	nan	nan	80	0
136	0.8333	4	1	3.3333	1.9245	5.0000	0.0000	90	0
137	0.8333	0	0	2.6000	1.2000	nan	nan	65	0
138	0.8667	0	0	2.6923	1.2332	nan	nan	70	0
139	0.9000	0	0	2.8519	1.5564	nan	nan	77	0
140	0.9000	0	0	2.8148	1.3063	nan	nan	76	0
141	0.6000	0	0	2.1667	1.0672	nan	nan	39	0
142	0.8667	0	0	2.7308	1.3173	nan	nan	71	0
143	0.8333	0	0	2.8000	1.4142	nan	nan	70	0
144	0.9000	0	0	2.5926	1.1630	nan	nan	70	0
145	0.7667	0	0	2.5217	1.3145	nan	nan	58	0
146	0.8667	0	0	2.7692	1.5519	nan	nan	72	0
147	0.8667	0	0	2.5769	1.2144	nan	nan	67	0
148	0.8000	0	0	2.3750	1.2849	nan	nan	57	0
149	0.8333	0	0	2.5600	1.2674	nan	nan	64	0
150	0.8000	0	0	2.7083	1.3687	nan	nan	65	0
151	0.8000	0	1	2.8750	2.0272	5.0000	0.0000	69	0
152	0.8333	2	3	3.4231	2.2900	7.0000	0.8165	89	0
153	0.9000	0	0	2.9630	1.5511	nan	nan	80	0
154	0.7667	0	0	2.3913	1.0930	nan	nan	55	0
155	0.9000	0	0	2.3704	1.0593	nan	nan	64	0
156	0.8333	0	0	2.5600	1.2355	nan	nan	64	0
157	0.8667	0	1	2.8077	1.4147	5.0000	0.0000	73	0
158	0.4000	0	1	1.7500	1.0104	4.0000	0.0000	21	0
159	0.7333	0	1	3.2727	2.0711	5.0000	0.0000	72	0
160	0.6667	0	1	3.5000	2.5593	8.0000	0.0000	70	0

nodeid	prr	seq_list
1 0.807692307692	[4, 5, 6, 7, 8, 9, 10, 11, 12, 14, 15, 17, 18, 19, 22, 23, 24, 25, 26, 28, 29]
2 0.923076923077	[3, 4, 5, 6, 7, 8, 9, 11, 12, 13, 15, 16, 17, 18, 19, 20, 21, 22, 23, 24, 25, 26, 27, 28]
3 0.916666666667	[4, 5, 6, 7, 8, 10, 12, 13, 14, 15, 16, 17, 18, 19, 20, 21, 22, 23, 24, 25, 27, 28, 29, 30, 32, 33, 34, 35, 36, 38, 39, 40, 41, 42, 44, 45, 47, 48, 49, 50, 51, 52, 53, 54, 55, 56, 57, 58, 59, 60, 61, 62, 63, 64, 65, 66, 67, 68, 69, 70, 71, 72, 73, 74, 75, 76, 77, 78, 79, 80, 81, 82, 83, 84, 85, 86, 87, 89, 90, 91, 92, 93, 94, 95, 96, 97, 98, 99]
4 0.843537414966	[3, 5, 6, 7, 8, 9, 10, 12, 13, 14, 15, 16, 17, 18, 19, 20, 23, 25, 26, 27, 28, 30, 31, 32, 33, 34, 35, 36, 37, 38, 39, 40, 41, 42, 43, 46, 47, 48, 49, 50, 51, 53, 54, 55, 56, 57, 58, 59, 60, 61, 62, 63, 64, 65, 66, 67, 68, 69, 70, 71, 72, 73, 74, 75, 76, 77, 78, 79, 80, 81, 82, 84, 87, 88, 89, 90, 91, 92, 93, 94, 96, 99, 100, 101, 103, 104, 105, 106, 107, 108, 109, 111, 112, 113, 114, 115, 116, 118, 119, 120, 121, 122, 124, 125, 126, 127, 128, 129, 131, 132, 133, 135, 136, 138, 139, 140, 141, 142, 143, 144, 145, 146, 148, 149]
5 0.965034965035	[4, 5, 6, 7, 8, 10, 11, 12, 13, 14, 15, 16, 17, 18, 19, 20, 21, 22, 23, 24, 25, 26, 27, 28, 29, 30, 31, 32, 33, 34, 35, 36, 37, 39, 40, 41, 42, 44, 46, 47, 48, 49, 50, 51, 52, 53, 54, 55, 56, 57, 58, 59, 60, 61, 62, 63, 64, 65, 66, 67, 68, 69, 70, 71, 72, 73, 74, 75, 76, 77, 78, 79, 80, 81, 82, 83, 84, 85, 86, 87, 88, 89, 90, 91, 92, 93, 95, 96, 97, 98, 99, 100, 101, 102, 103, 104, 105, 106, 107, 108, 109, 110, 111, 112, 113, 114, 115, 116, 117, 118, 119, 120, 121, 122, 123, 124, 125, 126, 127, 128, 129, 130, 131, 132, 133, 134, 135, 136, 137, 138, 139, 140, 141, 142, 143, 144, 145, 146]
6 0.884353741497	[3, 4, 5, 6, 7, 9, 10, 11, 12, 13, 14, 15, 16, 17, 18, 19, 20, 21, 22, 23, 24, 25, 26, 27, 28, 29, 30, 31, 32, 33, 34, 35, 36, 38, 39, 41, 42, 46, 47, 48, 49, 50, 51, 52, 53, 54, 55, 56, 57, 58, 59, 60, 61, 62, 63, 64, 65, 66, 67, 68, 69, 70, 71, 72, 73, 74, 75, 76, 77, 78, 80, 81, 82, 83, 84, 85, 86, 87, 88, 89, 90, 91, 92, 93, 94, 95, 96, 97, 99, 100, 101, 102, 103, 104, 105, 106, 107, 108, 109, 110, 111, 112, 114, 115, 116, 117, 119, 120, 121, 122, 123, 124, 125, 126, 127, 128, 129, 131, 132, 133, 135, 136, 137, 138, 141, 142, 143, 144, 146, 149]
7 0.884353741497	[3, 5, 6, 7, 8, 9, 10, 11, 12, 13, 14, 16, 17, 18, 19, 21, 22, 23, 25, 26, 27, 28, 29, 30, 31, 32, 33, 34, 35, 36, 37, 38, 39, 40, 41, 42, 46, 47, 48, 49, 50, 51, 52, 53, 54, 55, 56, 57, 58, 59, 61, 62, 63, 64, 65, 66, 67, 68, 69, 70, 71, 72, 73, 74, 76, 77, 79, 80, 81, 82, 83, 84, 85, 86, 88, 89, 90, 91, 92, 93, 95, 96, 97, 98, 99, 100, 101, 102, 103, 104, 105, 106, 108, 110, 111, 112, 113, 114, 115, 116, 117, 118, 119, 120, 121, 122, 123, 124, 125, 127, 128, 129, 130, 131, 132, 133, 134, 135, 136, 137, 138, 139, 140, 141, 142, 143, 144, 145, 146, 149]
8 0.834482758621	[4, 5, 6, 7, 8, 9, 10, 11, 12, 13, 14, 15, 16, 17, 19, 20, 22, 23, 24, 25, 26, 27, 28, 29, 30, 31, 32, 33, 34, 35, 36, 37, 38, 39, 40, 41, 44, 47, 48, 49, 50, 51, 52, 53, 55, 57, 58, 59, 60, 62, 63, 64, 65, 66, 67, 68, 69, 72, 73, 74, 75, 76, 78, 79, 80, 81, 82, 83, 84, 86, 87, 90, 91, 92, 93, 94, 96, 97, 98, 99, 100, 101, 102, 103, 104, 105, 106, 108, 109, 110, 112, 113, 114, 115, 116, 117, 119, 120, 121, 122, 123, 124, 125, 126, 127, 128, 129, 131, 132, 133, 134, 135, 136, 137, 140, 141, 142, 144, 145, 146, 148]
10 0.884353741497	[3, 4, 5, 6, 7, 8, 9, 11, 13, 14, 16, 17, 18, 20, 21, 22, 23, 24, 25, 27, 28, 29, 30, 31, 33, 34, 35, 39, 40, 41, 42, 44, 45, 46, 47, 48, 49, 50, 51, 52, 53, 54, 55, 56, 57, 58, 59, 62, 63, 64, 65, 66, 67, 68, 69, 70, 71, 72, 73, 74, 75, 76, 78, 79, 80, 81, 82, 83, 84, 85, 86, 87, 88, 89, 90, 91, 92, 93, 94, 95, 96, 97, 98, 99, 100, 101, 102, 103, 104, 105, 106, 107, 109, 111, 112, 113, 114, 115, 116, 117, 118, 119, 120, 121, 122, 123, 124, 125, 126, 127, 128, 129, 130, 131, 132, 133, 134, 135, 136, 137, 138, 139, 140, 141, 142, 144, 145, 146, 148, 149]
11 0.931506849315	[3, 4, 5, 6, 7, 8, 9, 10, 11, 12, 13, 14, 15, 16, 17, 18, 19, 20, 21, 22, 23, 24, 25, 26, 27, 28, 29, 30, 32, 33, 34, 35, 36, 38, 39, 40, 41, 43, 46, 47, 48, 49, 50, 51, 52, 53, 54, 55, 57, 58, 60, 61, 62, 63, 64, 65, 66, 67, 68, 69, 70, 71, 72, 73, 74, 75, 76, 77, 78, 79, 80, 81, 82, 83, 84, 85, 86, 87, 88, 89, 90, 91, 92, 93, 94, 95, 96, 97, 98, 99, 100, 101, 102, 103, 104, 105, 106, 107, 108, 109, 110, 111, 112, 113, 114, 115, 116, 117, 118, 119, 120, 121, 122, 123, 124, 126, 127, 128, 129, 131, 132, 133, 134, 135, 136, 137, 138, 139, 140, 141, 142, 143, 144, 145, 146, 148]
12 0.862068965517	[4, 5, 6, 8, 9, 11, 14, 15, 16, 18, 19, 20, 21, 22, 23, 24, 25, 26, 27, 28, 29, 30, 31, 32, 33, 35, 36, 40, 41, 42, 44, 46, 45, 47, 48, 50, 51, 52, 53, 54, 55, 56, 57, 58, 59, 60, 61, 62, 63, 64, 65, 66, 67, 68, 69, 70, 71, 72, 73, 74, 75, 76, 77, 78, 79, 80, 81, 83, 84, 85, 86, 87, 88, 89, 90, 93, 94, 95, 96, 97, 98, 99, 100, 101, 102, 103, 104, 105, 106, 108, 109, 110, 111, 114, 115, 116, 117, 118, 119, 120, 121, 122, 123, 124, 125, 126, 127, 128, 129, 130, 131, 133, 135, 136, 137, 138, 139, 140, 141, 142, 143, 144, 145, 146, 148]
13 0.904761904762	[3, 5, 7, 8, 9, 10, 11, 12, 13, 14, 15, 17, 18, 19, 20, 21, 22, 24, 25, 26, 27, 28, 29, 30, 31, 32, 33, 34, 35, 36, 39, 40, 41, 42, 44, 46, 47, 48, 49, 50, 51, 52, 53, 54, 55, 56, 57, 58, 59, 60, 61, 62, 63, 64, 65, 66, 67, 68, 69, 70, 71, 72, 73, 74, 75, 76, 77, 78, 79, 80, 81, 82, 83, 84, 85, 87, 88, 89, 90, 91, 92, 93, 94, 95, 97, 98, 99, 100, 101, 102, 103, 104, 105, 106, 107, 108, 109, 110, 111, 112, 113, 114, 115, 116, 117, 118, 119, 120, 121, 122, 123, 124, 125, 126, 127, 128, 129, 130, 132, 133, 134, 135, 137, 138, 139, 141, 142, 143, 144, 145, 146, 148, 149]
14 0.91095890411	[4, 5, 6, 7, 8, 9, 10, 12, 13, 14, 15, 16, 17, 18, 19, 20, 21, 22, 23, 24, 25, 26, 28, 30, 31, 32, 33, 34, 35, 36, 39, 40, 41, 42, 46, 47, 48, 49, 50, 51, 52, 53, 54, 55, 56, 57, 58, 59, 60, 61, 62, 63, 64, 65, 66, 67, 68, 69, 70, 71, 72, 73, 74, 75, 76, 77, 78, 79, 80, 81, 82, 83, 84, 86, 87, 88, 89, 90, 91, 92, 93, 94, 95, 96, 97, 98, 99, 100, 101, 102, 103, 104, 105, 106, 107, 108, 109, 110, 111, 112, 113, 114, 115, 116, 117, 118, 119, 120, 121, 122, 123, 124, 125, 126, 127, 128, 129, 131, 132, 133, 134, 135, 136, 138, 139, 140, 142, 144, 145, 146, 147, 148, 149]
15 0.91095890411	[3, 4, 5, 6, 7, 8, 9, 10, 11, 12, 13, 14, 16, 17, 18, 19, 20, 21, 22, 23, 24, 25, 26, 27, 28, 29, 30, 31, 32, 33, 34, 35, 36, 39, 40, 41, 42, 44, 47, 48, 49, 50, 51, 52, 53, 54, 55, 56, 57, 58, 60, 62, 63, 64, 65, 66, 67, 68, 69, 70, 71, 72, 73, 74, 75, 76, 77, 78, 79, 80, 81, 82, 83, 85, 86, 87, 88, 89, 90, 91, 92, 93, 95, 96, 97, 98, 99, 100, 101, 102, 103, 104, 105, 106, 107, 108, 109, 110, 111, 112, 114, 115, 116, 117, 118, 119, 121, 122, 123, 124, 125, 126, 127, 128, 129, 130, 131, 132, 133, 134, 135, 136, 137, 138, 139, 140, 141, 142, 143, 144, 145, 146, 148]
17 0.856164383562	[3, 4, 5, 6, 7, 8, 9, 10, 11, 12, 13, 14, 15, 16, 17, 19, 21, 22, 23, 24, 25, 26, 27, 28, 29, 30, 31, 32, 33, 34, 35, 36, 37, 39, 40, 45, 47, 48, 49, 50, 51, 52, 53, 54, 55, 56, 57, 58, 59, 60, 61, 62, 63, 64, 65, 66, 67, 68, 69, 70, 71, 72, 73, 74, 75, 76, 77, 78, 79, 80, 81, 83, 85, 86, 87, 88, 90, 91, 92, 93, 94, 95, 96, 97, 98, 99, 100, 101, 102, 103, 104, 105, 108, 109, 110, 113, 114, 117, 118, 119, 121, 122, 123, 124, 125, 127, 128, 129, 130, 131, 133, 134, 135, 136, 137, 138, 139, 140, 141, 142, 143, 144, 145, 146, 148]
18 0.938775510204	[3, 4, 5, 6, 7, 8, 9, 10, 11, 12, 13, 14, 15, 16, 17, 18, 19, 20, 21, 22, 23, 24, 25, 26, 27, 28, 29, 30, 31, 32, 33, 34, 35, 36, 37, 39, 40, 42, 43, 44, 46, 45, 47, 48, 49, 50, 51, 52, 53, 54, 55, 56, 57, 58, 59, 60, 61, 62, 64, 65, 66, 67, 68, 69, 70, 71, 72, 73, 74, 75, 76, 77, 78, 79, 80, 81, 82, 83, 84, 85, 86, 87, 88, 89, 90, 91, 92, 93, 94, 95, 96, 97, 98, 99, 101, 102, 103, 104, 105, 106, 107, 108, 109, 111, 112, 113, 114, 115, 116, 117, 119, 120, 121, 122, 124, 126, 127, 128, 129, 130, 131, 132, 133, 134, 135, 136, 137, 138, 139, 140, 141, 142, 143, 144, 145, 146, 148, 149]
19 0.884353741497	[3, 4, 5, 6, 7, 9, 10, 11, 12, 14, 15, 16, 17, 18, 19, 20, 21, 22, 23, 24, 25, 26, 27, 28, 30, 31, 32, 33, 34, 35, 36, 38, 39, 40, 41, 42, 43, 45, 46, 47, 48, 50, 51, 52, 53, 54, 55, 56, 57, 58, 59, 60, 61, 62, 63, 64, 65, 66, 67, 68, 69, 70, 71, 72, 73, 74, 75, 76, 77, 78, 79, 80, 81, 82, 83, 84, 85, 86, 87, 89, 91, 92, 93, 94, 95, 96, 97, 98, 99, 101, 102, 103, 104, 105, 106, 107, 108, 109, 110, 113, 114, 115, 116, 117, 118, 120, 121, 122, 123, 124, 125, 126, 127, 128, 129, 131, 132, 133, 134, 135, 136, 137, 138, 139, 141, 142, 143, 144, 148, 149]
20 0.857142857143	[3, 4, 5, 6, 7, 8, 9, 10, 11, 12, 13, 14, 15, 16, 17, 18, 20, 22, 23, 24, 25, 26, 27, 29, 30, 32, 33, 34, 35, 36, 38, 40, 41, 42, 44, 47, 48, 49, 50, 51, 52, 53, 54, 55, 56, 57, 58, 59, 60, 61, 62, 63, 64, 65, 66, 67, 69, 70, 71, 72, 73, 74, 76, 77, 78, 79, 80, 83, 84, 85, 86, 87, 89, 90, 91, 92, 93, 94, 95, 96, 97, 98, 99, 100, 101, 102, 103, 104, 106, 107, 108, 109, 110, 111, 112, 113, 114, 115, 118, 119, 120, 121, 122, 123, 124, 125, 126, 127, 128, 129, 131, 132, 133, 134, 136, 137, 138, 139, 140, 141, 142, 143, 144, 145, 146, 149]
22 0.848275862069	[5, 6, 7, 8, 9, 12, 13, 14, 15, 16, 17, 18, 19, 20, 21, 22, 23, 25, 26, 27, 28, 29, 30, 31, 32, 33, 34, 35, 36, 37, 39, 40, 41, 42, 44, 46, 47, 48, 49, 50, 51, 52, 53, 54, 55, 57, 58, 59, 60, 62, 63, 64, 65, 66, 67, 68, 69, 70, 71, 72, 73, 75, 77, 78, 79, 81, 82, 83, 84, 85, 86, 87, 88, 89, 90, 91, 92, 93, 94, 95, 96, 97, 98, 99, 100, 101, 102, 103, 104, 105, 106, 107, 108, 109, 110, 111, 113, 114, 115, 117, 122, 123, 124, 125, 126, 127, 128, 129, 131, 132, 133, 134, 135, 136, 137, 139, 140, 142, 144, 145, 146, 148, 149]
24 1.0	[3, 4, 5, 6, 7, 8, 9, 10, 11, 12, 13, 14, 15, 16, 17, 18, 19, 20, 21, 22, 23, 24, 25, 26, 27, 28, 29, 30, 31, 32, 33, 34, 35, 36, 37, 38, 39, 40, 41, 42, 43, 44, 45, 46, 47, 48, 49, 50, 51, 52, 53, 54, 55, 56, 57, 58, 59, 60, 61, 62, 63, 64, 65, 66, 67, 68, 69, 70, 71, 72, 73, 74, 75, 76, 77, 78, 79, 80, 81, 82, 83, 84, 85, 86, 87, 88, 89, 90, 91, 92, 93, 94, 95, 96, 97, 98, 99, 100, 101, 102, 103, 104, 105, 106, 107, 108, 109, 110, 111, 112, 113, 114, 115, 116, 117, 118, 119, 120, 121, 122, 123, 124, 125, 126, 127, 128, 129, 130, 131, 132, 133, 134, 135, 136, 137, 138, 139, 140, 141, 142, 143, 144, 145, 146, 147, 148, 149]
25 0.972789115646	[3, 4, 5, 6, 7, 8, 9, 10, 11, 12, 13, 14, 15, 16, 18, 19, 20, 21, 22, 23, 24, 25, 26, 27, 28, 29, 30, 31, 32, 33, 34, 35, 36, 37, 38, 39, 40, 41, 42, 43, 44, 45, 46, 47, 48, 49, 50, 51, 52, 53, 54, 55, 56, 57, 58, 59, 60, 61, 62, 63, 64, 65, 66, 67, 68, 69, 70, 71, 72, 73, 74, 75, 76, 77, 78, 79, 80, 81, 82, 83, 84, 85, 86, 87, 88, 89, 90, 91, 92, 93, 94, 95, 96, 97, 98, 99, 101, 102, 103, 104, 105, 106, 107, 108, 109, 110, 111, 112, 113, 114, 115, 116, 117, 118, 120, 121, 122, 123, 124, 125, 126, 128, 129, 130, 131, 132, 133, 134, 135, 136, 137, 138, 139, 140, 141, 142, 143, 144, 145, 146, 147, 148, 149]
26 0.91156462585	[3, 4, 5, 6, 7, 8, 9, 10, 11, 12, 13, 14, 15, 16, 17, 18, 19, 20, 21, 22, 23, 24, 25, 27, 28, 29, 30, 31, 33, 34, 36, 37, 39, 40, 41, 42, 43, 45, 46, 47, 48, 49, 50, 51, 52, 53, 54, 55, 56, 57, 58, 59, 60, 61, 62, 63, 64, 65, 66, 67, 68, 69, 70, 71, 72, 73, 74, 75, 76, 77, 78, 79, 80, 81, 82, 83, 84, 85, 86, 87, 88, 89, 90, 91, 92, 93, 94, 95, 98, 99, 100, 102, 103, 104, 105, 107, 108, 109, 111, 112, 113, 114, 115, 116, 117, 118, 119, 120, 121, 122, 123, 124, 125, 126, 127, 128, 129, 131, 132, 133, 135, 136, 137, 138, 140, 141, 142, 143, 144, 145, 146, 147, 148, 149]
27 1.0	[3, 4, 5, 6, 7, 8, 9, 10, 11, 12, 13, 14, 15, 16, 17, 18, 19, 20, 21, 22, 23, 24, 25, 26, 27, 28, 29, 30, 31, 32, 33, 34, 35, 36, 37, 38, 39, 40, 41, 42, 43, 44, 45, 46, 47, 48, 49, 50, 51, 52, 53, 54, 55, 56, 57, 58, 59, 60, 61, 62, 63, 64, 65, 66, 67, 68, 69, 70, 71, 72, 73, 74, 75, 76, 77, 78, 79, 80, 81, 82, 83, 84, 85, 86, 87, 88, 89, 90, 91, 92, 93, 94, 95, 96, 97, 98, 99, 100, 101, 102, 103, 104, 105, 106, 107, 108, 109, 110, 111, 112, 113, 114, 115, 116, 117, 118, 119, 120, 121, 122, 123, 124, 125, 126, 127, 128, 129, 130, 131, 132, 133, 134, 135, 136, 137, 138, 139, 140, 141, 142, 143, 144, 145, 146, 147, 148, 149]
28 1.0	[3, 4, 5, 6, 7, 8, 9, 10, 11, 12, 13, 14, 15, 16, 17, 18, 19, 20, 21, 22, 23, 24, 25, 26, 27, 28, 29, 30, 31, 32, 33, 34, 35, 36, 37, 38, 39, 40, 41, 42, 43, 44, 45, 46, 47, 48, 49, 50, 51, 52, 53, 54, 55, 56, 57, 58, 59, 60, 61, 62, 63, 64, 65, 66, 67, 68, 69, 70, 71, 72, 73, 74, 75, 76, 77, 78, 79, 80, 81, 82, 83, 84, 85, 86, 87, 88, 89, 90, 91, 92, 93, 94, 95, 96, 97, 98, 99, 100, 101, 102, 103, 104, 105, 106, 107, 108, 109, 110, 111, 112, 113, 114, 115, 116, 117, 118, 119, 120, 121, 122, 123, 124, 125, 126, 127, 128, 129, 130, 131, 132, 133, 134, 135, 136, 137, 138, 139, 140, 141, 142, 143, 144, 145, 146, 147, 148, 149]
30 0.897959183673	[3, 4, 5, 6, 7, 8, 9, 10, 11, 12, 13, 14, 15, 16, 17, 18, 19, 20, 21, 22, 23, 24, 25, 26, 27, 28, 29, 30, 31, 32, 33, 34, 35, 36, 37, 38, 39, 40, 41, 42, 43, 47, 48, 49, 50, 51, 52, 54, 55, 57, 58, 60, 61, 62, 63, 64, 65, 66, 67, 68, 69, 70, 71, 72, 73, 75, 76, 77, 78, 79, 80, 81, 82, 83, 84, 85, 86, 87, 88, 91, 93, 94, 95, 97, 98, 99, 100, 101, 102, 103, 104, 105, 106, 107, 108, 109, 110, 111, 112, 113, 114, 116, 117, 118, 119, 121, 122, 123, 124, 125, 126, 127, 128, 129, 130, 131, 132, 133, 134, 135, 136, 138, 139, 140, 141, 142, 143, 144, 145, 146, 147, 149]
32 1.0	[3, 4, 5, 6, 7, 8, 9, 10, 11, 12, 13, 14, 15, 16, 17, 18, 19, 20, 21, 22, 23, 24, 25, 26, 27, 28, 29, 30, 31, 32, 33, 34, 35, 36, 37, 38, 39, 40, 41, 42, 43, 44, 45, 46, 47, 48, 49, 50, 51, 52, 53, 54, 55, 56, 57, 58, 59, 60, 61, 62, 63, 64, 65, 66, 67, 68, 69, 70, 71, 72, 73, 74, 75, 76, 77, 78, 79, 80, 81, 82, 83, 84, 85, 86, 87, 88, 89, 90, 91, 92, 93, 94, 95, 96, 97, 98, 99, 100, 101, 102, 103, 104, 105, 106, 107, 108, 109, 110, 111, 112, 113, 114, 115, 116, 117, 118, 119, 120, 121, 122, 123, 124, 125, 126, 127, 128, 129, 130, 131, 132, 133, 134, 135, 136, 137, 138, 139, 140, 141, 142, 143, 144, 145, 146, 147, 148, 149]
33 1.0	[3, 4, 5, 6, 7, 8, 9, 10, 11, 12, 13, 14, 15, 16, 17, 18, 19, 20, 21, 22, 23, 24, 25, 26, 27, 28, 29, 30, 31, 32, 33, 34, 35, 36, 37, 38, 39, 40, 41, 42, 43, 44, 45, 46, 47, 48, 49, 50, 51, 52, 53, 54, 55, 56, 57, 58, 59, 60, 61, 62, 63, 64, 65, 66, 67, 68, 69, 70, 71, 72, 73, 74, 75, 76, 77, 78, 79, 80, 81, 82, 83, 84, 85, 86, 87, 88, 89, 90, 91, 92, 93, 94, 95, 96, 97, 98, 99, 100, 101, 102, 103, 104, 105, 106, 107, 108, 109, 110, 111, 112, 113, 114, 115, 116, 117, 118, 119, 120, 121, 122, 123, 124, 125, 126, 127, 128, 129, 130, 131, 132, 133, 134, 135, 136, 137, 138, 139, 140, 141, 142, 143, 144, 145, 146, 147, 148, 149]
34 1.0	[3, 4, 5, 6, 7, 8, 9, 10, 11, 12, 13, 14, 15, 16, 17, 18, 19, 20, 21, 22, 23, 24, 25, 26, 27, 28, 29, 30, 31, 32, 33, 34, 35, 36, 37, 38, 39, 40, 41, 42, 43, 44, 45, 46, 47, 48, 49, 50, 51, 52, 53, 54, 55, 56, 57, 58, 59, 60, 61, 62, 63, 64, 65, 66, 67, 68, 69, 70, 71, 72, 73, 74, 75, 76, 77, 78, 79, 80, 81, 82, 83, 84, 85, 86, 87, 88, 89, 90, 91, 92, 93, 94, 95, 96, 97, 98, 99, 100, 101, 102, 103, 104, 105, 106, 107, 108, 109, 110, 111, 112, 113, 114, 115, 116, 117, 118, 119, 120, 121, 122, 123, 124, 125, 126, 127, 128, 129, 130, 131, 132, 133, 134, 135, 136, 137, 138, 139, 140, 141, 142, 143, 144, 145, 146, 147, 148, 149]
35 1.0	[3, 4, 5, 6, 7, 8, 9, 10, 11, 12, 13, 14, 15, 16, 17, 18, 19, 20, 21, 22, 23, 24, 25, 26, 27, 28, 29, 30, 31, 32, 33, 34, 35, 36, 37, 38, 39, 40, 41, 42, 43, 44, 45, 46, 47, 48, 49, 50, 51, 52, 53, 54, 55, 56, 57, 58, 59, 60, 61, 62, 63, 64, 65, 66, 67, 68, 69, 70, 71, 72, 73, 74, 75, 76, 77, 78, 79, 80, 81, 82, 83, 84, 85, 86, 87, 88, 89, 90, 91, 92, 93, 94, 95, 96, 97, 98, 99, 100, 101, 102, 103, 104, 105, 106, 107, 108, 109, 110, 111, 112, 113, 114, 115, 116, 117, 118, 119, 120, 121, 122, 123, 124, 125, 126, 127, 128, 129, 130, 131, 132, 133, 134, 135, 136, 137, 138, 139, 140, 141, 142, 143, 144, 145, 146, 147, 148, 149]
36 0.958904109589	[3, 4, 5, 6, 7, 8, 9, 10, 11, 12, 13, 14, 15, 16, 17, 18, 19, 20, 21, 22, 23, 24, 25, 26, 27, 28, 29, 30, 31, 32, 33, 34, 35, 36, 38, 39, 40, 41, 42, 43, 44, 45, 46, 47, 49, 50, 51, 52, 53, 54, 55, 56, 57, 58, 59, 60, 61, 63, 64, 65, 66, 67, 69, 70, 71, 72, 73, 74, 75, 76, 77, 78, 79, 80, 81, 82, 84, 85, 86, 87, 88, 89, 90, 91, 92, 93, 94, 95, 96, 97, 98, 99, 100, 101, 102, 103, 104, 105, 106, 107, 108, 109, 110, 111, 112, 113, 114, 115, 116, 117, 118, 119, 120, 121, 122, 123, 125, 126, 127, 128, 129, 130, 131, 132, 133, 134, 135, 136, 137, 138, 139, 140, 141, 142, 143, 144, 145, 146, 147, 148]
0.91965790592