test	all_dups	dups_unique_path	duped_path
Rctp-1	13	11	14

nodeid	dup_percent
2	0.0800
3	0.1600
4	0.0800
5	0.1600
11	0.0800
12	0.0800
14	0.0800
19	0.0800
25	0.2400
26	0.3200
27	0.1200
28	0.5600
30	0.0800
33	0.0400
35	0.0400
36	0.1600
37	0.3200

nodeid	dup_count
2	2
3	4
4	2
5	4
11	2
12	2
14	2
19	2
25	6
26	8
27	3
28	14
30	2
33	1
35	1
36	4
37	8

hop	node_count	nodeids
1	9	[24, 25, 27, 28, 32, 33, 34, 35, 37]
2	13	[3, 5, 11, 13, 14, 17, 18, 19, 26, 28, 30, 36, 37]
3	21	[1, 2, 3, 4, 5, 6, 7, 8, 10, 11, 12, 15, 17, 18, 19, 20, 22, 26, 30, 36, 37]
4	15	[1, 2, 3, 4, 6, 7, 8, 10, 12, 15, 17, 19, 20, 22, 30]
5	6	[2, 8, 12, 17, 20, 22]
6	1	[12]

nodeid	fwd_count	percent
1	59	0.0132
2	91	0.0204
3	106	0.0237
4	64	0.0143
5	144	0.0322
6	62	0.0139
7	60	0.0134
8	61	0.0136
10	60	0.0134
11	192	0.0430
12	60	0.0134
13	160	0.0358
14	271	0.0606
15	59	0.0132
17	67	0.0150
18	244	0.0546
19	87	0.0195
20	61	0.0136
22	69	0.0154
24	64	0.0143
25	219	0.0490
26	118	0.0264
27	185	0.0414
28	168	0.0376
30	61	0.0136
32	64	0.0143
33	419	0.0938
34	64	0.0143
35	803	0.1797
36	111	0.0248
37	216	0.0483

nodeid	dup_fwd_ratio	fwd_count	dup_count
1	0	0	59
2	0.0220	2	91
3	0.0377	4	106
4	0.0312	2	64
5	0.0278	4	144
6	0	0	62
7	0	0	60
8	0	0	61
10	0	0	60
11	0.0104	2	192
12	0.0333	2	60
13	0	0	160
14	0.0074	2	271
15	0	0	59
17	0	0	67
18	0	0	244
19	0.0230	2	87
20	0	0	61
22	0	0	69
24	0	0	64
25	0.0274	6	219
26	0.0678	8	118
27	0.0162	3	185
28	0.0833	14	168
30	0.0328	2	61
32	0	0	64
33	0.0024	1	419
34	0	0	64
35	0.0012	1	803
36	0.0360	4	111
37	0.0370	8	216

