[5, 16, 2, [5, 37, 31]]
[5, 16, 2, [5, 37, 31]]
[37, 16, 1, [37, 31]]
[37, 16, 1, [37, 31]]
[3, 25, 4, [3, 5, 37, 28, 31]]
[3, 25, 4, [3, 5, 37, 28, 31]]
[26, 25, 2, [26, 28, 31]]
[26, 25, 2, [26, 28, 31]]
[2, 29, 3, [2, 26, 25, 31]]
[2, 29, 3, [2, 26, 25, 31]]
[26, 30, 2, [26, 28, 31]]
[26, 30, 2, [26, 28, 31]]
[12, 30, 5, [12, 3, 11, 37, 28, 31]]
[12, 30, 5, [12, 3, 11, 37, 28, 31]]
[28, 32, 1, [28, 25]]
[28, 32, 1, [28, 25]]
[28, 32, 2, [28, 25, 31]]
[19, 35, 3, [19, 26, 28, 31]]
[19, 35, 3, [19, 26, 28, 31]]
[30, 46, 3, [30, 36, 27, 31]]
[30, 46, 3, [30, 36, 25, 31]]
[36, 48, 2, [36, 27, 31]]
[36, 48, 3, [36, 28, 27, 31]]
[4, 50, 3, [4, 14, 33, 31]]
[4, 50, 3, [4, 14, 35, 31]]
