Src, Seqno, Hop, [path]		# SINK_ID=31
[34, 3, 1, [34, 31]]
[33, 3, 1, [33, 31]]
[33, 3, 1, [33, 31]]
[10, 3, 3, [10, 13, 35, 31]]
[34, 3, 1, [34, 31]]
[10, 3, 3, [10, 13, 35, 31]]
[10, 3, 3, [10, 13, 35, 31]]
[6, 3, 3, [6, 14, 35, 31]]
[6, 3, 3, [6, 14, 35, 31]]
[6, 3, 3, [6, 14, 35, 31]]
[17, 4, 3, [17, 26, 25, 31]]
[17, 4, 3, [17, 26, 25, 31]]
[35, 4, 1, [35, 31]]
[35, 4, 1, [35, 31]]
[32, 5, 1, [32, 31]]
[32, 5, 1, [32, 31]]
[10, 5, 7, [10, 13, 14, 18, 36, 28, 25, 31]]
[10, 5, 7, [10, 13, 14, 18, 36, 28, 25, 31]]
[35, 5, 1, [35, 31]]
[35, 5, 1, [35, 31]]
[10, 5, 7, [10, 13, 14, 18, 36, 28, 25, 31]]
[1, 6, 4, [1, 5, 18, 35, 31]]
[1, 6, 4, [1, 5, 18, 35, 31]]
[25, 6, 2, [25, 35, 31]]
[25, 6, 2, [25, 35, 31]]
[18, 6, 4, [18, 13, 14, 35, 31]]
[18, 6, 4, [18, 13, 14, 35, 31]]
[18, 6, 4, [18, 13, 14, 35, 31]]
[18, 6, 4, [18, 13, 14, 35, 31]]
[18, 6, 4, [18, 13, 14, 35, 31]]
[6, 6, 4, [6, 14, 18, 35, 31]]
[6, 6, 4, [6, 14, 18, 35, 31]]
[22, 7, 3, [22, 19, 35, 31]]
[22, 7, 3, [22, 19, 35, 31]]
[35, 7, 1, [35, 31]]
[35, 7, 1, [35, 31]]
[7, 7, 3, [7, 11, 35, 31]]
[7, 7, 3, [7, 11, 35, 31]]
[11, 7, 2, [11, 35, 31]]
[11, 7, 2, [11, 35, 31]]
[4, 7, 3, [4, 14, 35, 31]]
[4, 7, 3, [4, 14, 35, 31]]
[20, 7, 5, [20, 3, 11, 18, 35, 31]]
[20, 7, 5, [20, 3, 11, 18, 35, 31]]
[1, 7, 4, [1, 18, 13, 35, 31]]
[1, 7, 4, [1, 18, 13, 35, 31]]
[1, 7, 4, [1, 18, 13, 35, 31]]
[32, 8, 1, [32, 31]]
[32, 8, 1, [32, 31]]
[32, 8, 1, [32, 31]]
[32, 8, 1, [32, 31]]
[22, 8, 4, [22, 2, 14, 35, 31]]
[22, 8, 4, [22, 2, 14, 35, 31]]
[8, 8, 5, [8, 15, 3, 11, 35, 31]]
[8, 8, 5, [8, 15, 3, 11, 35, 31]]
[6, 9, 3, [6, 11, 35, 31]]
[6, 9, 3, [6, 11, 35, 31]]
[4, 9, 4, [4, 13, 18, 35, 31]]
[12, 9, 4, [12, 3, 18, 33, 31]]
[4, 9, 4, [4, 13, 18, 35, 31]]
[32, 9, 1, [32, 31]]
[2, 9, 3, [2, 11, 35, 31]]
[2, 9, 3, [2, 11, 35, 31]]
[32, 9, 1, [32, 31]]
[12, 9, 4, [12, 3, 18, 33, 31]]
[13, 9, 2, [13, 35, 31]]
[13, 9, 2, [13, 35, 31]]
[34, 10, 1, [34, 31]]
[34, 10, 1, [34, 31]]
[5, 10, 2, [5, 35, 31]]
[5, 10, 2, [5, 35, 31]]
[14, 10, 2, [14, 33, 31]]
[2, 10, 3, [2, 19, 35, 31]]
[2, 10, 3, [2, 19, 35, 31]]
[11, 10, 2, [11, 35, 31]]
[14, 10, 2, [14, 33, 31]]
[11, 10, 2, [11, 35, 31]]
[36, 10, 2, [36, 35, 31]]
[36, 10, 2, [36, 35, 31]]
[36, 10, 2, [36, 35, 31]]
[8, 10, 4, [8, 3, 11, 35, 31]]
[8, 10, 4, [8, 3, 11, 35, 31]]
[17, 10, 4, [17, 2, 11, 35, 31]]
[17, 10, 4, [17, 2, 11, 35, 31]]
[25, 11, 1, [25, 35]]
[13, 11, 2, [13, 35, 31]]
[25, 11, 1, [25, 35]]
[13, 11, 2, [13, 35, 31]]
[32, 11, 1, [32, 31]]
[32, 11, 1, [32, 31]]
[32, 11, 1, [32, 31]]
[25, 11, 2, [25, 33, 31]]
[2, 11, 3, [2, 5, 35, 31]]
[2, 11, 3, [2, 5, 35, 31]]
[26, 11, 2, [26, 35, 31]]
[26, 11, 2, [26, 35, 31]]
[15, 12, 3, [15, 11, 35, 31]]
[15, 12, 3, [15, 11, 35, 31]]
[18, 12, 2, [18, 35, 31]]
[18, 12, 2, [18, 35, 31]]
[18, 12, 2, [18, 35, 31]]
[1, 12, 3, [1, 5, 35, 31]]
[1, 12, 3, [1, 5, 35, 31]]
[19, 12, 2, [19, 35, 31]]
[19, 12, 2, [19, 35, 31]]
[32, 13, 1, [32, 31]]
[32, 13, 1, [32, 31]]
[32, 13, 1, [32, 31]]
[19, 13, 2, [19, 35, 31]]
[36, 13, 2, [36, 33, 31]]
[36, 13, 2, [36, 33, 31]]
[19, 13, 2, [19, 35, 31]]
[19, 13, 2, [19, 35, 31]]
[1, 13, 3, [1, 13, 35, 31]]
[1, 13, 3, [1, 13, 35, 31]]
[1, 13, 3, [1, 13, 35, 31]]
[35, 13, 1, [35, 31]]
[35, 13, 1, [35, 31]]
[20, 13, 3, [20, 11, 35, 31]]
[20, 13, 3, [20, 11, 35, 31]]
[11, 13, 2, [11, 35, 31]]
[11, 13, 2, [11, 35, 31]]
[11, 13, 2, [11, 35, 31]]
[34, 14, 1, [34, 31]]
[34, 14, 1, [34, 31]]
[17, 14, 3, [17, 26, 35, 31]]
[17, 14, 3, [17, 26, 35, 31]]
[17, 14, 3, [17, 26, 35, 31]]
[17, 14, 3, [17, 26, 35, 31]]
[5, 14, 2, [5, 35, 31]]
[5, 14, 2, [5, 35, 31]]
[5, 14, 2, [5, 35, 31]]
[5, 14, 2, [5, 35, 31]]
[19, 14, 2, [19, 35, 31]]
[19, 14, 2, [19, 35, 31]]
[13, 14, 3, [13, 18, 35, 31]]
[13, 14, 3, [13, 18, 35, 31]]
[13, 14, 3, [13, 18, 35, 31]]
[13, 14, 3, [13, 18, 35, 31]]
[13, 14, 3, [13, 18, 35, 31]]
[35, 14, 1, [35, 31]]
[35, 14, 1, [35, 31]]
[35, 14, 1, [35, 31]]
[5, 15, 2, [5, 33, 31]]
[5, 15, 2, [5, 33, 31]]
[32, 15, 1, [32, 31]]
[32, 15, 1, [32, 31]]
[26, 15, 2, [26, 35, 31]]
[26, 15, 2, [26, 35, 31]]
[32, 16, 1, [32, 31]]
[15, 16, 3, [15, 13, 35, 31]]
[15, 16, 3, [15, 13, 35, 31]]
[32, 16, 1, [32, 31]]
[5, 16, 2, [5, 35, 31]]
[5, 16, 2, [5, 35, 31]]
[5, 16, 2, [5, 35, 31]]
[5, 16, 2, [5, 35, 31]]
[14, 16, 4, [14, 18, 5, 35, 31]]
[14, 16, 4, [14, 18, 5, 35, 31]]
[7, 16, 4, [7, 14, 26, 35, 31]]
[7, 16, 4, [7, 14, 26, 35, 31]]
[35, 16, 1, [35, 31]]
[35, 16, 1, [35, 31]]
[35, 16, 1, [35, 31]]
[35, 16, 1, [35, 31]]
[35, 16, 1, [35, 31]]
[35, 16, 1, [35, 31]]
[35, 16, 1, [35, 31]]
[35, 16, 1, [35, 31]]
[26, 17, 2, [26, 25, 31]]
[18, 17, 3, [18, 36, 35, 31]]
[18, 17, 3, [18, 36, 35, 31]]
[32, 17, 1, [32, 31]]
[32, 17, 1, [32, 31]]
[26, 17, 2, [26, 25, 31]]
[25, 17, 1, [25, 31]]
[4, 17, 4, [4, 11, 18, 35, 31]]
[25, 17, 1, [25, 31]]
[4, 17, 4, [4, 11, 18, 35, 31]]
[3, 17, 4, [3, 12, 19, 35, 31]]
[3, 17, 4, [3, 12, 19, 35, 31]]
[3, 17, 4, [3, 12, 19, 35, 31]]
[3, 17, 4, [3, 12, 19, 35, 31]]
[8, 17, 4, [8, 6, 11, 35, 31]]
[8, 17, 4, [8, 6, 11, 35, 31]]
[8, 17, 4, [8, 6, 11, 35, 31]]
[8, 17, 4, [8, 6, 11, 35, 31]]
[25, 17, 2, [25, 35, 31]]
[35, 17, 1, [35, 31]]
[35, 17, 1, [35, 31]]
[18, 18, 3, [18, 5, 35, 31]]
[18, 18, 3, [18, 5, 35, 31]]
[28, 18, 2, [28, 35, 31]]
[28, 18, 2, [28, 35, 31]]
[13, 19, 2, [13, 35, 31]]
[13, 19, 2, [13, 35, 31]]
[36, 20, 2, [36, 35, 31]]
[36, 20, 2, [36, 35, 31]]
[7, 20, 5, [7, 10, 18, 13, 35, 31]]
[7, 20, 5, [7, 10, 18, 13, 35, 31]]
[11, 20, 5, [11, 14, 26, 25, 35, 31]]
[11, 20, 5, [11, 14, 26, 25, 35, 31]]
[17, 21, 3, [17, 36, 35, 31]]
[34, 21, 1, [34, 31]]
[17, 21, 3, [17, 36, 35, 31]]
[18, 21, 4, [18, 13, 18, 35, 31]]
[18, 21, 4, [18, 13, 18, 35, 31]]
[34, 21, 1, [34, 31]]
[3, 21, 3, [3, 14, 35, 31]]
[3, 21, 3, [3, 14, 35, 31]]
[3, 21, 3, [3, 14, 35, 31]]
[12, 21, 4, [12, 19, 5, 35, 31]]
[12, 21, 4, [12, 19, 5, 35, 31]]
[2, 21, 4, [2, 14, 19, 35, 31]]
[2, 21, 4, [2, 14, 19, 35, 31]]
[13, 22, 3, [13, 14, 35, 31]]
[13, 22, 3, [13, 14, 35, 31]]
[13, 22, 3, [13, 14, 35, 31]]
[26, 22, 3, [26, 25, 35, 31]]
[33, 22, 1, [33, 31]]
[33, 22, 1, [33, 31]]
[26, 22, 3, [26, 25, 35, 31]]
[18, 22, 3, [18, 36, 35, 31]]
[18, 22, 3, [18, 36, 35, 31]]
[18, 22, 3, [18, 36, 35, 31]]
[18, 22, 3, [18, 36, 35, 31]]
[18, 22, 3, [18, 36, 35, 31]]
[15, 22, 3, [15, 13, 35, 31]]
[15, 22, 3, [15, 13, 35, 31]]
[4, 22, 5, [4, 11, 14, 26, 35, 31]]
[4, 22, 5, [4, 11, 14, 26, 35, 31]]
[7, 22, 5, [7, 10, 11, 14, 35, 31]]
[7, 22, 5, [7, 10, 11, 14, 35, 31]]
[7, 22, 5, [7, 10, 11, 14, 35, 31]]
[7, 22, 5, [7, 10, 11, 14, 35, 31]]
[1, 22, 6, [1, 13, 14, 26, 25, 35, 31]]
[1, 22, 6, [1, 13, 14, 26, 25, 35, 31]]
[34, 23, 1, [34, 31]]
[8, 23, 4, [8, 18, 5, 33, 31]]
[34, 23, 1, [34, 31]]
[8, 23, 4, [8, 18, 5, 33, 31]]
[36, 23, 2, [36, 35, 31]]
[36, 23, 2, [36, 35, 31]]
[13, 23, 3, [13, 18, 35, 31]]
[13, 23, 3, [13, 18, 35, 31]]
[10, 23, 4, [10, 14, 19, 35, 31]]
[10, 23, 4, [10, 14, 19, 35, 31]]
[26, 23, 3, [26, 36, 35, 31]]
[26, 23, 3, [26, 36, 35, 31]]
[11, 23, 2, [11, 35, 31]]
[11, 23, 2, [11, 35, 31]]
[3, 23, 4, [3, 14, 5, 35, 31]]
[3, 23, 4, [3, 14, 5, 35, 31]]
[11, 24, 2, [11, 35, 31]]
[11, 24, 2, [11, 35, 31]]
[11, 24, 2, [11, 35, 31]]
[8, 24, 4, [8, 18, 5, 35, 31]]
[8, 24, 4, [8, 18, 5, 35, 31]]
[8, 24, 4, [8, 18, 5, 35, 31]]
[8, 24, 4, [8, 18, 5, 35, 31]]
[28, 24, 2, [28, 35, 31]]
[28, 24, 2, [28, 35, 31]]
[14, 24, 3, [14, 26, 35, 31]]
[14, 24, 3, [14, 26, 35, 31]]
[25, 24, 2, [25, 35, 31]]
[25, 24, 2, [25, 35, 31]]
[25, 24, 2, [25, 35, 31]]
[25, 24, 2, [25, 35, 31]]
[25, 24, 2, [25, 35, 31]]
[25, 24, 2, [25, 35, 31]]
[25, 24, 2, [25, 35, 31]]
[13, 25, 5, [13, 18, 13, 35, 34, 31]]
[13, 25, 5, [13, 18, 13, 35, 34, 31]]
[28, 26, 2, [28, 27, 31]]
[28, 26, 3, [28, 35, 32, 31]]
[28, 26, 3, [28, 35, 32, 31]]
[12, 26, 4, [12, 19, 18, 35, 31]]
[12, 26, 4, [12, 19, 18, 35, 31]]
[12, 26, 4, [12, 19, 18, 35, 31]]
[8, 26, 4, [8, 18, 5, 33, 31]]
[8, 26, 4, [8, 18, 5, 33, 31]]
[35, 26, 2, [35, 34, 31]]
[35, 26, 2, [35, 34, 31]]
[32, 27, 1, [32, 31]]
[32, 27, 1, [32, 31]]
[34, 28, 1, [34, 31]]
[34, 28, 1, [34, 31]]
[13, 28, 3, [13, 35, 34, 31]]
[13, 28, 3, [13, 35, 34, 31]]
[22, 28, 3, [22, 14, 33, 31]]
[22, 28, 3, [22, 5, 33, 31]]
[36, 29, 2, [36, 33, 31]]
[36, 29, 2, [36, 33, 31]]
[19, 30, 2, [19, 35, 31]]
[19, 30, 2, [19, 35, 31]]
[19, 30, 2, [19, 35, 31]]
[19, 30, 2, [19, 35, 31]]
[20, 30, 3, [20, 14, 33, 31]]
[20, 30, 3, [20, 14, 33, 31]]
[32, 31, 1, [32, 31]]
[32, 31, 1, [32, 31]]
[36, 31, 2, [36, 33, 31]]
[34, 31, 1, [34, 31]]
[18, 31, 2, [18, 35, 31]]
[36, 31, 2, [36, 33, 31]]
[18, 31, 2, [18, 35, 31]]
[34, 31, 1, [34, 31]]
[25, 31, 2, [25, 33, 31]]
[25, 31, 2, [25, 33, 31]]
[15, 32, 4, [15, 18, 35, 32, 31]]
[15, 32, 4, [15, 18, 35, 32, 31]]
[33, 33, 1, [33, 31]]
[33, 33, 1, [33, 31]]
[34, 34, 1, [34, 33]]
[34, 34, 1, [34, 33]]
[34, 34, 1, [34, 33]]
[34, 34, 2, [34, 27, 31]]
[17, 35, 4, [17, 19, 35, 32, 31]]
[17, 35, 4, [17, 19, 35, 32, 31]]
[36, 35, 2, [36, 33, 31]]
[36, 35, 2, [36, 33, 31]]
[35, 36, 1, [35, 33]]
[35, 36, 2, [35, 33, 31]]
[35, 36, 2, [35, 33, 31]]
[32, 38, 1, [32, 31]]
[32, 38, 1, [32, 31]]
[32, 38, 1, [32, 31]]
[32, 38, 1, [32, 31]]
[17, 38, 4, [17, 19, 18, 33, 31]]
[17, 38, 4, [17, 19, 18, 33, 31]]
[32, 39, 1, [32, 31]]
[32, 39, 1, [32, 31]]
[34, 39, 1, [34, 33]]
[34, 39, 1, [34, 33]]
[7, 39, 4, [7, 18, 35, 32, 31]]
[7, 39, 4, [7, 18, 35, 32, 31]]
[32, 40, 1, [32, 31]]
[32, 40, 1, [32, 31]]
[17, 41, 4, [17, 26, 36, 35, 31]]
[17, 41, 4, [17, 26, 36, 35, 31]]
[32, 42, 1, [32, 31]]
[32, 42, 1, [32, 31]]
[32, 42, 1, [32, 31]]
[32, 42, 1, [32, 31]]
[17, 43, 4, [17, 19, 35, 32, 31]]
[17, 43, 4, [17, 19, 35, 32, 31]]
[32, 43, 1, [32, 31]]
[32, 43, 1, [32, 31]]
[22, 43, 3, [22, 5, 33, 31]]
[22, 43, 3, [22, 5, 33, 31]]
[35, 43, 2, [35, 32, 31]]
[35, 43, 2, [35, 32, 31]]
[35, 44, 3, [35, 34, 32, 31]]
[35, 44, 3, [35, 34, 32, 31]]
[35, 44, 3, [35, 34, 32, 31]]
[6, 45, 3, [6, 18, 35, 31]]
[6, 45, 3, [6, 18, 35, 31]]
[8, 45, 3, [8, 18, 35, 31]]
[8, 45, 3, [8, 18, 35, 31]]
[36, 45, 3, [36, 35, 32, 31]]
[36, 45, 3, [36, 35, 32, 31]]
[11, 46, 3, [11, 18, 35, 31]]
[11, 46, 3, [11, 18, 35, 31]]
[33, 47, 1, [33, 31]]
[10, 47, 3, [10, 18, 35, 31]]
[33, 47, 1, [33, 31]]
[10, 47, 3, [10, 18, 35, 31]]
[25, 48, 2, [25, 33, 31]]
[25, 48, 2, [25, 33, 31]]
[32, 48, 1, [32, 31]]
[32, 48, 1, [32, 31]]
[11, 48, 2, [11, 35, 31]]
[11, 48, 2, [11, 35, 31]]
[32, 48, 1, [32, 31]]
[11, 48, 2, [11, 35, 31]]
[11, 48, 2, [11, 35, 31]]
[32, 48, 1, [32, 31]]
[32, 48, 1, [32, 31]]
[4, 49, 3, [4, 14, 33, 31]]
[4, 49, 3, [4, 14, 33, 31]]
[19, 50, 3, [19, 5, 35, 31]]
[19, 50, 3, [19, 5, 35, 31]]
[20, 50, 3, [20, 14, 35, 31]]
[20, 50, 3, [20, 14, 35, 31]]
[17, 50, 4, [17, 22, 14, 35, 31]]
[17, 50, 4, [17, 22, 14, 35, 31]]
[17, 50, 4, [17, 22, 14, 35, 31]]
[14, 51, 2, [14, 33, 31]]
[14, 51, 2, [14, 33, 31]]
[25, 51, 2, [25, 35, 31]]
[25, 51, 2, [25, 35, 31]]
[7, 51, 3, [7, 18, 35, 31]]
[7, 51, 3, [7, 18, 35, 31]]
[7, 51, 3, [7, 18, 35, 31]]
[35, 51, 1, [35, 31]]
[35, 51, 1, [35, 31]]
[35, 51, 1, [35, 31]]
[3, 52, 3, [3, 14, 35, 31]]
[3, 52, 3, [3, 14, 35, 31]]
[28, 52, 2, [28, 35, 31]]
[28, 52, 2, [28, 35, 31]]
[15, 52, 3, [15, 14, 35, 31]]
[15, 52, 3, [15, 14, 35, 31]]
[13, 52, 2, [13, 35, 31]]
[13, 52, 2, [13, 35, 31]]
[11, 53, 3, [11, 18, 35, 31]]
[11, 53, 3, [11, 18, 35, 31]]
[13, 53, 3, [13, 14, 35, 31]]
[13, 53, 3, [13, 14, 35, 31]]
[13, 53, 3, [13, 14, 35, 31]]
[13, 54, 3, [13, 5, 35, 31]]
[13, 54, 3, [13, 5, 35, 31]]
[14, 54, 2, [14, 35, 31]]
[14, 54, 2, [14, 35, 31]]
[14, 54, 2, [14, 35, 31]]
[20, 54, 4, [20, 3, 18, 35, 31]]
[20, 54, 4, [20, 3, 18, 35, 31]]
[34, 55, 2, [34, 33, 31]]
[3, 55, 3, [3, 14, 35, 31]]
[32, 55, 1, [32, 27]]
[3, 55, 3, [3, 14, 35, 31]]
[36, 55, 2, [36, 35, 31]]
[32, 55, 1, [32, 27]]
[36, 55, 2, [36, 35, 31]]
[34, 55, 2, [34, 33, 31]]
[19, 55, 3, [19, 5, 33, 31]]
[36, 55, 2, [36, 35, 31]]
[19, 55, 3, [19, 5, 33, 31]]
[7, 55, 3, [7, 14, 35, 31]]
[7, 55, 3, [7, 14, 35, 31]]
[7, 55, 3, [7, 14, 35, 31]]
[7, 55, 3, [7, 14, 35, 31]]
[7, 55, 3, [7, 14, 35, 31]]
[7, 55, 3, [7, 14, 35, 31]]
[5, 56, 2, [5, 33, 31]]
[5, 56, 2, [5, 33, 31]]
[18, 56, 3, [18, 5, 35, 31]]
[18, 56, 3, [18, 5, 35, 31]]
[26, 56, 2, [26, 35, 31]]
[26, 56, 2, [26, 35, 31]]
[20, 56, 6, [20, 11, 18, 14, 18, 35, 31]]
[20, 56, 6, [20, 11, 18, 14, 18, 35, 31]]
[22, 57, 3, [22, 14, 35, 31]]
[22, 57, 3, [22, 14, 35, 31]]
[22, 57, 3, [22, 14, 35, 31]]
[15, 57, 3, [15, 18, 35, 31]]
[15, 57, 3, [15, 18, 35, 31]]
[12, 57, 4, [12, 5, 36, 35, 31]]
[12, 57, 4, [12, 5, 36, 35, 31]]
[10, 57, 6, [10, 11, 18, 14, 18, 35, 31]]
[10, 57, 6, [10, 11, 18, 14, 18, 35, 31]]
[32, 58, 1, [32, 27]]
[14, 58, 2, [14, 35, 31]]
[14, 58, 2, [14, 35, 31]]
[14, 58, 2, [14, 35, 31]]
[14, 58, 2, [14, 35, 31]]
[32, 58, 1, [32, 27]]
[5, 58, 2, [5, 35, 31]]
[5, 58, 2, [5, 35, 31]]
[12, 58, 5, [12, 5, 18, 14, 35, 31]]
[12, 58, 5, [12, 5, 18, 14, 35, 31]]
[35, 58, 1, [35, 31]]
[35, 58, 1, [35, 31]]
[35, 58, 1, [35, 31]]
[19, 59, 3, [19, 36, 35, 31]]
[19, 59, 3, [19, 36, 35, 31]]
[19, 59, 3, [19, 36, 35, 31]]
[34, 59, 1, [34, 33]]
[19, 59, 3, [19, 36, 35, 31]]
[34, 59, 2, [34, 27, 31]]
[19, 59, 3, [19, 36, 35, 31]]
[8, 59, 3, [8, 18, 35, 31]]
[8, 59, 3, [8, 18, 35, 31]]
[11, 59, 3, [11, 14, 35, 31]]
[11, 59, 3, [11, 14, 35, 31]]
[13, 59, 3, [13, 18, 35, 31]]
[13, 59, 3, [13, 18, 35, 31]]
[32, 60, 1, [32, 27]]
[11, 60, 2, [11, 35, 31]]
[32, 60, 1, [32, 27]]
[11, 60, 2, [11, 35, 31]]
[11, 60, 2, [11, 35, 31]]
[18, 60, 2, [18, 33, 31]]
[11, 60, 2, [11, 35, 31]]
[18, 60, 2, [18, 33, 31]]
[11, 60, 2, [11, 35, 31]]
[11, 60, 2, [11, 35, 31]]
[30, 60, 3, [30, 36, 35, 31]]
[30, 60, 3, [30, 36, 35, 31]]
[17, 60, 4, [17, 12, 5, 35, 31]]
[17, 60, 4, [17, 12, 5, 35, 31]]
[20, 60, 4, [20, 13, 11, 35, 31]]
[20, 60, 4, [20, 13, 11, 35, 31]]
[28, 60, 2, [28, 35, 31]]
[28, 60, 2, [28, 35, 31]]
[35, 60, 1, [35, 31]]
[35, 60, 1, [35, 31]]
[11, 61, 2, [11, 35, 31]]
[11, 61, 2, [11, 35, 31]]
[11, 61, 2, [11, 35, 31]]
[15, 61, 3, [15, 14, 35, 31]]
[15, 61, 3, [15, 14, 35, 31]]
[7, 61, 3, [7, 11, 35, 31]]
[7, 61, 3, [7, 11, 35, 31]]
[5, 62, 2, [5, 33, 31]]
[25, 62, 2, [25, 35, 31]]
[5, 62, 2, [5, 33, 31]]
[25, 62, 2, [25, 35, 31]]
[36, 62, 2, [36, 35, 31]]
[36, 62, 2, [36, 35, 31]]
[26, 62, 3, [26, 14, 35, 31]]
[26, 62, 3, [26, 14, 35, 31]]
[33, 63, 1, [33, 31]]
[33, 63, 1, [33, 31]]
[34, 64, 1, [34, 33]]
[34, 64, 1, [34, 33]]
[33, 64, 1, [33, 31]]
[19, 64, 3, [19, 5, 35, 31]]
[33, 64, 1, [33, 31]]
[19, 64, 3, [19, 5, 35, 31]]
[19, 64, 3, [19, 5, 35, 31]]
[34, 64, 1, [34, 33]]
[19, 64, 3, [19, 5, 35, 31]]
[19, 64, 3, [19, 5, 35, 31]]
[11, 64, 3, [11, 14, 35, 31]]
[11, 64, 3, [11, 14, 35, 31]]
[36, 65, 2, [36, 33, 31]]
[36, 65, 2, [36, 33, 31]]
[35, 65, 1, [35, 31]]
[35, 65, 1, [35, 31]]
[5, 66, 2, [5, 35, 31]]
[5, 66, 2, [5, 35, 31]]
[19, 66, 2, [19, 35, 31]]
[19, 66, 2, [19, 35, 31]]
[4, 66, 3, [4, 11, 35, 31]]
[4, 66, 3, [4, 11, 35, 31]]
[15, 66, 3, [15, 14, 33, 31]]
[15, 66, 3, [15, 14, 33, 31]]
[34, 66, 2, [34, 35, 31]]
[34, 66, 2, [34, 35, 31]]
[5, 67, 2, [5, 35, 31]]
[5, 67, 2, [5, 35, 31]]
[19, 67, 2, [19, 35, 31]]
[19, 67, 2, [19, 35, 31]]
[18, 67, 2, [18, 33, 31]]
[19, 67, 2, [19, 35, 31]]
[18, 67, 2, [18, 33, 31]]
[19, 67, 2, [19, 35, 31]]
[19, 67, 2, [19, 35, 31]]
[10, 67, 3, [10, 11, 35, 31]]
[10, 67, 3, [10, 11, 35, 31]]
[35, 67, 1, [35, 31]]
[35, 67, 1, [35, 31]]
[32, 68, 1, [32, 27]]
[36, 68, 2, [36, 35, 31]]
[32, 68, 1, [32, 27]]
[36, 68, 2, [36, 35, 31]]
[32, 68, 1, [32, 27]]
[36, 68, 2, [36, 35, 31]]
[5, 68, 2, [5, 35, 31]]
[5, 68, 2, [5, 35, 31]]
[8, 68, 3, [8, 14, 33, 31]]
[8, 68, 3, [8, 14, 33, 31]]
[26, 68, 2, [26, 35, 31]]
[26, 68, 2, [26, 35, 31]]
[19, 68, 2, [19, 35, 31]]
[19, 68, 2, [19, 35, 31]]
[13, 68, 3, [13, 14, 33, 31]]
[11, 68, 2, [11, 35, 31]]
[11, 68, 2, [11, 35, 31]]
[13, 68, 3, [13, 14, 33, 31]]
[11, 68, 2, [11, 35, 31]]
[22, 68, 3, [22, 14, 33, 31]]
[22, 68, 3, [22, 14, 33, 31]]
[11, 68, 2, [11, 35, 31]]
[11, 68, 2, [11, 35, 31]]
[15, 68, 3, [15, 14, 35, 31]]
[15, 68, 3, [15, 14, 35, 31]]
[13, 69, 2, [13, 35, 31]]
[13, 69, 2, [13, 35, 31]]
[13, 69, 2, [13, 35, 31]]
[13, 69, 2, [13, 35, 31]]
[5, 69, 2, [5, 35, 31]]
[5, 69, 2, [5, 35, 31]]
[18, 69, 2, [18, 33, 31]]
[5, 69, 2, [5, 35, 31]]
[18, 69, 2, [18, 33, 31]]
[4, 69, 3, [4, 14, 35, 31]]
[4, 69, 3, [4, 14, 35, 31]]
[22, 70, 3, [22, 14, 35, 31]]
[22, 70, 3, [22, 14, 35, 31]]
[14, 70, 2, [14, 33, 31]]
[14, 70, 2, [14, 33, 31]]
[33, 71, 1, [33, 31]]
[6, 71, 3, [6, 14, 35, 31]]
[33, 71, 1, [33, 31]]
[6, 71, 3, [6, 14, 35, 31]]
[32, 71, 2, [32, 27, 31]]
[6, 71, 3, [6, 14, 35, 31]]
[32, 71, 1, [32, 27]]
[5, 71, 2, [5, 35, 31]]
[5, 71, 2, [5, 35, 31]]
[5, 71, 2, [5, 35, 31]]
[14, 72, 2, [14, 35, 31]]
[14, 72, 2, [14, 35, 31]]
[13, 72, 2, [13, 35, 31]]
[13, 72, 2, [13, 35, 31]]
[22, 72, 3, [22, 5, 35, 31]]
[22, 72, 3, [22, 5, 35, 31]]
[11, 72, 2, [11, 35, 31]]
[11, 72, 2, [11, 35, 31]]
[28, 72, 2, [28, 35, 31]]
[28, 72, 2, [28, 35, 31]]
[28, 72, 2, [28, 35, 31]]
[14, 73, 2, [14, 35, 31]]
[14, 73, 2, [14, 35, 31]]
[12, 73, 3, [12, 5, 33, 31]]
[12, 73, 3, [12, 5, 33, 31]]
[8, 73, 3, [8, 14, 35, 31]]
[8, 73, 3, [8, 14, 35, 31]]
[8, 73, 3, [8, 14, 35, 31]]
[13, 73, 3, [13, 11, 35, 31]]
[13, 73, 3, [13, 11, 35, 31]]
[26, 74, 2, [26, 35, 31]]
[34, 74, 1, [34, 33]]
[26, 74, 2, [26, 35, 31]]
[34, 74, 1, [34, 33]]
[7, 74, 3, [7, 14, 35, 31]]
[7, 74, 3, [7, 14, 35, 31]]
[6, 75, 3, [6, 14, 35, 31]]
[6, 75, 3, [6, 14, 35, 31]]
[17, 75, 3, [17, 36, 35, 31]]
[17, 75, 3, [17, 36, 35, 31]]
[8, 76, 3, [8, 14, 35, 31]]
[8, 76, 3, [8, 14, 35, 31]]
[8, 76, 3, [8, 14, 35, 31]]
[26, 76, 3, [26, 25, 35, 31]]
[26, 76, 3, [26, 25, 35, 31]]
[28, 76, 2, [28, 35, 31]]
[28, 76, 2, [28, 35, 31]]
[30, 76, 3, [30, 36, 35, 31]]
[30, 76, 3, [30, 36, 35, 31]]
[13, 77, 3, [13, 18, 33, 31]]
[13, 77, 3, [13, 18, 33, 31]]
[35, 77, 1, [35, 31]]
[35, 77, 1, [35, 31]]
[35, 77, 1, [35, 31]]
[14, 78, 2, [14, 35, 31]]
[14, 78, 2, [14, 35, 31]]
[14, 78, 2, [14, 35, 31]]
[12, 78, 3, [12, 5, 33, 31]]
[12, 78, 3, [12, 5, 33, 31]]
[5, 79, 2, [5, 35, 31]]
[13, 79, 3, [13, 5, 33, 31]]
[5, 79, 2, [5, 35, 31]]
[13, 79, 3, [13, 5, 33, 31]]
[15, 79, 4, [15, 11, 14, 35, 31]]
[15, 79, 4, [15, 11, 14, 35, 31]]
[15, 79, 4, [15, 11, 14, 35, 31]]
[35, 79, 1, [35, 31]]
[35, 79, 1, [35, 31]]
[33, 80, 1, [33, 31]]
[4, 80, 3, [4, 11, 35, 31]]
[33, 80, 1, [33, 31]]
[4, 80, 3, [4, 11, 35, 31]]
[32, 80, 1, [32, 31]]
[4, 80, 3, [4, 11, 35, 31]]
[4, 80, 3, [4, 11, 35, 31]]
[32, 80, 1, [32, 31]]
[34, 80, 2, [34, 27, 31]]
[12, 80, 3, [12, 5, 35, 31]]
[6, 80, 3, [6, 18, 33, 31]]
[6, 80, 3, [6, 18, 33, 31]]
[12, 80, 3, [12, 5, 35, 31]]
[22, 80, 3, [22, 5, 35, 31]]
[22, 80, 3, [22, 5, 35, 31]]
[22, 80, 3, [22, 5, 35, 31]]
[34, 80, 2, [34, 35, 31]]
[12, 81, 3, [12, 5, 35, 31]]
[12, 81, 3, [12, 5, 35, 31]]
[25, 81, 2, [25, 35, 31]]
[25, 81, 2, [25, 35, 31]]
[20, 81, 3, [20, 14, 35, 31]]
[20, 81, 3, [20, 14, 35, 31]]
[20, 81, 3, [20, 14, 35, 31]]
[35, 81, 1, [35, 31]]
[35, 81, 1, [35, 31]]
[10, 82, 4, [10, 11, 14, 35, 31]]
[10, 82, 4, [10, 11, 14, 35, 31]]
[10, 82, 4, [10, 11, 14, 35, 31]]
[26, 82, 2, [26, 35, 31]]
[26, 82, 2, [26, 35, 31]]
[15, 82, 6, [15, 11, 18, 36, 14, 35, 31]]
[15, 82, 6, [15, 11, 18, 36, 14, 35, 31]]
[15, 82, 6, [15, 11, 18, 36, 14, 35, 31]]
[20, 82, 8, [20, 11, 14, 5, 36, 5, 18, 35, 31]]
[20, 82, 8, [20, 11, 14, 5, 36, 5, 18, 35, 31]]
[34, 83, 1, [34, 33]]
[34, 83, 1, [34, 33]]
[7, 83, 3, [7, 11, 35, 31]]
[7, 83, 3, [7, 11, 35, 31]]
[11, 83, 3, [11, 18, 35, 31]]
[11, 83, 3, [11, 18, 35, 31]]
[34, 83, 2, [34, 35, 31]]
[26, 83, 2, [26, 35, 31]]
[26, 83, 2, [26, 35, 31]]
[26, 83, 2, [26, 35, 31]]
[20, 83, 5, [20, 8, 18, 5, 35, 31]]
[20, 83, 5, [20, 8, 18, 5, 35, 31]]
[12, 84, 3, [12, 5, 35, 31]]
[12, 84, 3, [12, 5, 35, 31]]
[8, 84, 3, [8, 14, 35, 31]]
[8, 84, 3, [8, 14, 35, 31]]
[8, 84, 3, [8, 14, 35, 31]]
[13, 85, 4, [13, 14, 5, 35, 31]]
[13, 85, 4, [13, 14, 5, 35, 31]]
[10, 85, 4, [10, 13, 11, 35, 31]]
[10, 85, 4, [10, 13, 11, 35, 31]]
[10, 85, 4, [10, 13, 11, 35, 31]]
[10, 85, 4, [10, 13, 11, 35, 31]]
[10, 85, 4, [10, 13, 11, 35, 31]]
[10, 85, 4, [10, 13, 11, 35, 31]]
[8, 85, 3, [8, 18, 35, 31]]
[8, 85, 3, [8, 18, 35, 31]]
[8, 85, 3, [8, 18, 35, 31]]
[6, 85, 4, [6, 3, 14, 35, 31]]
[6, 85, 4, [6, 3, 14, 35, 31]]
[6, 85, 4, [6, 3, 14, 35, 31]]
[35, 85, 1, [35, 31]]
[35, 85, 1, [35, 31]]
[35, 85, 1, [35, 31]]
[17, 86, 3, [17, 36, 33, 31]]
[17, 86, 3, [17, 36, 33, 31]]
[7, 86, 4, [7, 11, 18, 33, 31]]
[6, 86, 5, [6, 11, 18, 5, 35, 31]]
[7, 86, 4, [7, 11, 18, 33, 31]]
[6, 86, 5, [6, 11, 18, 5, 35, 31]]
[10, 86, 4, [10, 7, 14, 35, 31]]
[10, 86, 4, [10, 7, 14, 35, 31]]
[22, 86, 5, [22, 14, 5, 18, 35, 31]]
[22, 86, 5, [22, 14, 5, 18, 35, 31]]
[35, 86, 1, [35, 31]]
[35, 86, 1, [35, 31]]
[35, 86, 1, [35, 31]]
[10, 87, 5, [10, 11, 14, 5, 35, 31]]
[10, 87, 5, [10, 11, 14, 5, 35, 31]]
[13, 87, 3, [13, 18, 35, 31]]
[13, 87, 3, [13, 18, 35, 31]]
[3, 87, 3, [3, 14, 33, 31]]
[3, 87, 3, [3, 14, 33, 31]]
[6, 87, 4, [6, 3, 18, 35, 31]]
[6, 87, 4, [6, 3, 18, 35, 31]]
[30, 87, 5, [30, 36, 5, 18, 33, 31]]
[30, 87, 5, [30, 36, 5, 18, 33, 31]]
[18, 88, 2, [18, 35, 31]]
[18, 88, 2, [18, 35, 31]]
[18, 88, 2, [18, 35, 31]]
[18, 88, 2, [18, 35, 31]]
[34, 88, 2, [34, 35, 31]]
[34, 88, 2, [34, 35, 31]]
[13, 88, 3, [13, 11, 35, 31]]
[13, 88, 3, [13, 11, 35, 31]]
[13, 88, 4, [13, 11, 35, 33, 31]]
[35, 89, 1, [35, 27]]
[35, 89, 1, [35, 27]]
[35, 89, 1, [35, 27]]
[35, 89, 1, [35, 27]]
[35, 89, 2, [35, 33, 31]]
[30, 90, 4, [30, 36, 5, 35, 31]]
[30, 90, 4, [30, 36, 5, 35, 31]]
[15, 90, 4, [15, 11, 18, 35, 31]]
[15, 90, 4, [15, 11, 18, 35, 31]]
[5, 91, 2, [5, 35, 31]]
[5, 91, 2, [5, 35, 31]]
[8, 92, 3, [8, 18, 35, 31]]
[8, 92, 3, [8, 18, 35, 31]]
[35, 92, 1, [35, 31]]
[35, 92, 1, [35, 31]]
[15, 93, 4, [15, 13, 11, 35, 31]]
[15, 93, 4, [15, 13, 11, 35, 31]]
[15, 93, 4, [15, 13, 11, 35, 31]]
[10, 93, 3, [10, 14, 35, 31]]
[10, 93, 3, [10, 14, 35, 31]]
[18, 93, 2, [18, 35, 31]]
[18, 93, 2, [18, 35, 31]]
[19, 93, 4, [19, 5, 36, 35, 31]]
[19, 93, 4, [19, 5, 36, 35, 31]]
[25, 94, 3, [25, 36, 35, 31]]
[25, 94, 3, [25, 36, 35, 31]]
[25, 94, 3, [25, 36, 35, 31]]
[25, 94, 3, [25, 36, 35, 31]]
[13, 94, 2, [13, 35, 31]]
[13, 94, 2, [13, 35, 31]]
[13, 94, 2, [13, 35, 31]]
[36, 94, 2, [36, 35, 31]]
[36, 94, 2, [36, 35, 31]]
[4, 94, 7, [4, 13, 11, 18, 5, 36, 35, 31]]
[4, 94, 7, [4, 13, 11, 18, 5, 36, 35, 31]]
[36, 95, 2, [36, 33, 31]]
[10, 95, 3, [10, 14, 35, 31]]
[36, 95, 2, [36, 33, 31]]
[10, 95, 3, [10, 14, 35, 31]]
[13, 95, 4, [13, 18, 5, 35, 31]]
[13, 95, 4, [13, 18, 5, 35, 31]]
[32, 95, 1, [32, 31]]
[32, 95, 1, [32, 31]]
[32, 95, 1, [32, 31]]
[12, 95, 4, [12, 5, 36, 35, 31]]
[12, 95, 4, [12, 5, 36, 35, 31]]
[5, 95, 2, [5, 35, 31]]
[5, 95, 2, [5, 35, 31]]
[14, 95, 3, [14, 5, 35, 31]]
[14, 95, 3, [14, 5, 35, 31]]
[11, 96, 3, [11, 14, 35, 31]]
[11, 96, 3, [11, 14, 35, 31]]
[10, 96, 6, [10, 11, 13, 5, 36, 35, 31]]
[10, 96, 6, [10, 11, 13, 5, 36, 35, 31]]
[30, 96, 5, [30, 36, 5, 36, 33, 31]]
[10, 96, 6, [10, 11, 13, 5, 36, 35, 31]]
[30, 96, 5, [30, 36, 5, 36, 33, 31]]
[10, 96, 6, [10, 11, 13, 5, 36, 35, 31]]
[6, 96, 5, [6, 11, 13, 18, 35, 31]]
[6, 96, 5, [6, 11, 13, 18, 35, 31]]
[4, 96, 4, [4, 14, 5, 35, 31]]
[4, 96, 4, [4, 14, 5, 35, 31]]
[15, 96, 5, [15, 8, 18, 36, 35, 31]]
[15, 96, 5, [15, 8, 18, 36, 35, 31]]
[35, 96, 1, [35, 31]]
[35, 96, 1, [35, 31]]
[4, 97, 5, [4, 11, 18, 5, 35, 31]]
[4, 97, 5, [4, 11, 18, 5, 35, 31]]
[6, 97, 4, [6, 8, 18, 33, 31]]
[4, 97, 5, [4, 11, 18, 5, 35, 31]]
[6, 97, 4, [6, 8, 18, 33, 31]]
[5, 97, 2, [5, 35, 31]]
[5, 97, 2, [5, 35, 31]]
[5, 97, 2, [5, 35, 31]]
[20, 97, 3, [20, 11, 35, 31]]
[20, 97, 3, [20, 11, 35, 31]]
[35, 97, 1, [35, 31]]
[35, 97, 1, [35, 31]]
[7, 98, 4, [7, 11, 13, 35, 31]]
[30, 98, 3, [30, 36, 33, 31]]
[7, 98, 4, [7, 11, 13, 35, 31]]
[28, 98, 1, [28, 36]]
[7, 98, 4, [7, 11, 13, 35, 31]]
[30, 98, 3, [30, 36, 33, 31]]
[7, 98, 4, [7, 11, 13, 35, 31]]
[6, 98, 3, [6, 14, 35, 31]]
[10, 98, 4, [10, 18, 36, 28, 31]]
[6, 98, 3, [6, 14, 35, 31]]
[6, 98, 3, [6, 14, 35, 31]]
[6, 98, 3, [6, 14, 35, 31]]
[28, 98, 3, [28, 36, 33, 31]]
[26, 98, 4, [26, 14, 5, 35, 31]]
[26, 98, 4, [26, 14, 5, 35, 31]]
[26, 98, 4, [26, 14, 5, 35, 31]]
[26, 98, 4, [26, 14, 5, 35, 31]]
[10, 98, 6, [10, 18, 36, 28, 26, 35, 31]]
[35, 98, 1, [35, 31]]
[35, 98, 1, [35, 31]]
[34, 99, 1, [34, 33]]
[18, 99, 2, [18, 33, 31]]
[34, 99, 1, [34, 33]]
[22, 99, 3, [22, 5, 35, 31]]
[18, 99, 2, [18, 33, 31]]
[22, 99, 3, [22, 5, 35, 31]]
[28, 99, 2, [28, 35, 31]]
[28, 99, 2, [28, 35, 31]]
[18, 100, 2, [18, 35, 31]]
[18, 100, 2, [18, 35, 31]]
[4, 100, 3, [4, 14, 35, 31]]
[4, 100, 3, [4, 14, 35, 31]]
[3, 100, 3, [3, 14, 33, 31]]
[3, 100, 3, [3, 14, 33, 31]]
[7, 100, 4, [7, 11, 18, 35, 31]]
[7, 100, 4, [7, 11, 18, 35, 31]]
[28, 100, 3, [28, 26, 35, 31]]
[28, 100, 3, [28, 26, 35, 31]]
[11, 101, 2, [11, 35, 31]]
[11, 101, 2, [11, 35, 31]]
[15, 101, 3, [15, 13, 35, 31]]
[15, 101, 3, [15, 13, 35, 31]]
[13, 102, 3, [13, 18, 35, 31]]
[13, 102, 3, [13, 18, 35, 31]]
[13, 102, 3, [13, 18, 35, 31]]
[20, 102, 4, [20, 4, 14, 35, 31]]
[20, 102, 4, [20, 4, 14, 35, 31]]
[20, 102, 4, [20, 4, 14, 35, 31]]
[22, 102, 3, [22, 5, 35, 31]]
[22, 102, 3, [22, 5, 35, 31]]
[12, 102, 3, [12, 5, 35, 31]]
[12, 102, 3, [12, 5, 35, 31]]
[32, 103, 1, [32, 31]]
[22, 103, 3, [22, 5, 33, 31]]
[32, 103, 1, [32, 31]]
[22, 103, 3, [22, 5, 33, 31]]
[3, 103, 3, [3, 18, 35, 31]]
[3, 103, 3, [3, 18, 35, 31]]
[3, 103, 3, [3, 18, 35, 31]]
[3, 103, 3, [3, 18, 35, 31]]
[8, 103, 3, [8, 18, 35, 31]]
[8, 103, 3, [8, 18, 35, 31]]
[36, 104, 2, [36, 35, 31]]
[36, 104, 2, [36, 35, 31]]
[8, 104, 3, [8, 14, 35, 31]]
[8, 104, 3, [8, 14, 35, 31]]
[18, 104, 3, [18, 5, 35, 31]]
[18, 104, 3, [18, 5, 35, 31]]
[10, 104, 5, [10, 13, 14, 5, 35, 31]]
[10, 104, 5, [10, 13, 14, 5, 35, 31]]
[10, 104, 5, [10, 13, 14, 5, 35, 31]]
[35, 104, 1, [35, 31]]
[35, 104, 1, [35, 31]]
[11, 105, 2, [11, 35, 31]]
[11, 105, 2, [11, 35, 31]]
[10, 106, 4, [10, 13, 5, 35, 31]]
[32, 106, 1, [32, 31]]
[10, 106, 4, [10, 13, 5, 35, 31]]
[32, 106, 1, [32, 31]]
[10, 106, 4, [10, 13, 5, 35, 31]]
[32, 106, 1, [32, 31]]
[14, 106, 2, [14, 33, 31]]
[14, 106, 2, [14, 33, 31]]
[3, 107, 3, [3, 18, 33, 31]]
[3, 107, 3, [3, 18, 33, 31]]
[34, 108, 1, [34, 33]]
[14, 108, 3, [14, 5, 33, 31]]
[19, 108, 3, [19, 5, 35, 31]]
[34, 108, 1, [34, 33]]
[19, 108, 3, [19, 5, 35, 31]]
[14, 108, 3, [14, 5, 33, 31]]
[3, 109, 3, [3, 18, 35, 31]]
[3, 109, 3, [3, 18, 35, 31]]
[6, 109, 3, [6, 11, 35, 31]]
[6, 109, 3, [6, 11, 35, 31]]
[25, 109, 5, [25, 28, 36, 28, 35, 31]]
[25, 109, 5, [25, 28, 36, 28, 35, 31]]
[4, 110, 4, [4, 11, 18, 35, 31]]
[4, 110, 4, [4, 11, 18, 35, 31]]
[8, 110, 4, [8, 18, 5, 35, 31]]
[8, 110, 4, [8, 18, 5, 35, 31]]
[12, 111, 3, [12, 5, 35, 31]]
[12, 111, 3, [12, 5, 35, 31]]
[12, 111, 3, [12, 5, 35, 31]]
[12, 111, 3, [12, 5, 35, 31]]
[10, 111, 5, [10, 11, 14, 5, 35, 31]]
[10, 111, 5, [10, 11, 14, 5, 35, 31]]
[14, 111, 3, [14, 5, 35, 31]]
[14, 111, 3, [14, 5, 35, 31]]
[28, 112, 3, [28, 36, 35, 31]]
[28, 112, 3, [28, 36, 35, 31]]
[28, 112, 3, [28, 36, 35, 31]]
[28, 112, 3, [28, 36, 35, 31]]
[17, 112, 3, [17, 19, 35, 31]]
[17, 112, 3, [17, 19, 35, 31]]
[17, 112, 3, [17, 19, 35, 31]]
[18, 112, 2, [18, 35, 31]]
[18, 112, 2, [18, 35, 31]]
[7, 113, 3, [7, 14, 33, 31]]
[11, 113, 4, [11, 13, 11, 35, 31]]
[11, 113, 4, [11, 13, 11, 35, 31]]
[7, 113, 3, [7, 14, 33, 31]]
[28, 113, 2, [28, 35, 31]]
[28, 113, 2, [28, 35, 31]]
[34, 113, 2, [34, 27, 31]]
[28, 113, 2, [28, 35, 31]]
[15, 113, 3, [15, 14, 35, 31]]
[15, 113, 3, [15, 14, 35, 31]]
[34, 113, 1, [34, 33]]
[15, 113, 3, [15, 14, 35, 31]]
[15, 113, 3, [15, 14, 35, 31]]
[4, 113, 4, [4, 11, 14, 35, 31]]
[4, 113, 4, [4, 11, 14, 35, 31]]
[35, 113, 1, [35, 31]]
[35, 113, 1, [35, 31]]
[32, 114, 1, [32, 31]]
[15, 114, 4, [15, 8, 18, 35, 31]]
[32, 114, 1, [32, 31]]
[15, 114, 4, [15, 8, 18, 35, 31]]
[32, 114, 1, [32, 31]]
[15, 114, 4, [15, 8, 18, 35, 31]]
[7, 114, 3, [7, 11, 35, 31]]
[7, 114, 3, [7, 11, 35, 31]]
[30, 114, 5, [30, 36, 28, 36, 35, 31]]
[30, 114, 5, [30, 36, 28, 36, 35, 31]]
[22, 114, 4, [22, 14, 5, 35, 31]]
[22, 114, 4, [22, 14, 5, 35, 31]]
[35, 114, 1, [35, 31]]
[35, 114, 1, [35, 31]]
[6, 115, 6, [6, 11, 13, 11, 14, 35, 31]]
[6, 115, 6, [6, 11, 13, 11, 14, 35, 31]]
[6, 115, 6, [6, 11, 13, 11, 14, 35, 31]]
[6, 115, 6, [6, 11, 13, 11, 14, 35, 31]]
[6, 115, 6, [6, 11, 13, 11, 14, 35, 31]]
[13, 115, 2, [13, 35, 31]]
[13, 115, 2, [13, 35, 31]]
[8, 115, 3, [8, 14, 35, 31]]
[8, 115, 3, [8, 14, 35, 31]]
[30, 115, 4, [30, 36, 5, 35, 31]]
[30, 115, 4, [30, 36, 5, 35, 31]]
[30, 115, 4, [30, 36, 5, 35, 31]]
[25, 115, 2, [25, 35, 31]]
[25, 115, 2, [25, 35, 31]]
[7, 115, 3, [7, 14, 35, 31]]
[7, 115, 3, [7, 14, 35, 31]]
[7, 115, 3, [7, 14, 35, 31]]
[20, 115, 4, [20, 8, 14, 35, 31]]
[20, 115, 4, [20, 8, 14, 35, 31]]
[4, 116, 3, [4, 14, 33, 31]]
[4, 116, 3, [4, 14, 33, 31]]
[15, 117, 4, [15, 13, 18, 35, 31]]
[15, 117, 4, [15, 13, 18, 35, 31]]
[4, 117, 5, [4, 11, 18, 5, 35, 31]]
[4, 117, 5, [4, 11, 18, 5, 35, 31]]
[28, 118, 2, [28, 35, 31]]
[28, 118, 2, [28, 35, 31]]
[4, 119, 3, [4, 11, 35, 31]]
[4, 119, 3, [4, 11, 35, 31]]
[4, 119, 3, [4, 11, 35, 31]]
[33, 119, 1, [33, 31]]
[33, 119, 1, [33, 31]]
[34, 120, 1, [34, 31]]
[34, 120, 1, [34, 31]]
[35, 120, 1, [35, 31]]
[35, 120, 1, [35, 31]]
[10, 121, 3, [10, 11, 35, 31]]
[10, 121, 3, [10, 11, 35, 31]]
[10, 121, 3, [10, 11, 35, 31]]
[7, 121, 3, [7, 14, 35, 31]]
[7, 121, 3, [7, 14, 35, 31]]
[11, 121, 2, [11, 35, 31]]
[11, 121, 2, [11, 35, 31]]
[19, 122, 2, [19, 35, 31]]
[19, 122, 2, [19, 35, 31]]
[19, 122, 2, [19, 35, 31]]
[4, 122, 3, [4, 14, 35, 31]]
[4, 122, 3, [4, 14, 35, 31]]
[26, 123, 2, [26, 35, 31]]
[26, 123, 2, [26, 35, 31]]
[26, 123, 2, [26, 35, 31]]
[32, 123, 1, [32, 31]]
[32, 123, 1, [32, 31]]
[14, 123, 2, [14, 33, 31]]
[6, 123, 3, [6, 13, 35, 31]]
[14, 123, 2, [14, 33, 31]]
[6, 123, 3, [6, 13, 35, 31]]
[11, 123, 2, [11, 35, 31]]
[11, 123, 2, [11, 35, 31]]
[11, 123, 2, [11, 35, 31]]
[20, 123, 3, [20, 13, 35, 31]]
[20, 123, 3, [20, 13, 35, 31]]
[3, 123, 3, [3, 14, 35, 31]]
[3, 123, 3, [3, 14, 35, 31]]
[28, 123, 2, [28, 35, 31]]
[28, 123, 2, [28, 35, 31]]
[17, 123, 3, [17, 19, 35, 31]]
[17, 123, 3, [17, 19, 35, 31]]
[17, 123, 3, [17, 19, 35, 31]]
[17, 123, 3, [17, 19, 35, 31]]
[17, 123, 3, [17, 19, 35, 31]]
[17, 123, 3, [17, 19, 35, 31]]
[17, 123, 3, [17, 19, 35, 31]]
[17, 123, 3, [17, 19, 35, 31]]
[34, 124, 1, [34, 31]]
[34, 124, 1, [34, 31]]
[30, 124, 3, [30, 36, 35, 31]]
[30, 124, 3, [30, 36, 35, 31]]
[11, 124, 2, [11, 35, 31]]
[11, 124, 2, [11, 35, 31]]
[4, 124, 3, [4, 14, 35, 31]]
[4, 124, 3, [4, 14, 35, 31]]
[4, 124, 3, [4, 14, 35, 31]]
[17, 124, 3, [17, 26, 35, 31]]
[17, 124, 3, [17, 26, 35, 31]]
[26, 124, 2, [26, 35, 31]]
[26, 124, 2, [26, 35, 31]]
[6, 125, 4, [6, 8, 18, 33, 31]]
[34, 125, 1, [34, 31]]
[6, 125, 4, [6, 8, 18, 33, 31]]
[6, 125, 4, [6, 8, 18, 33, 31]]
[34, 125, 1, [34, 31]]
[10, 125, 3, [10, 13, 35, 31]]
[10, 125, 3, [10, 13, 35, 31]]
[28, 125, 2, [28, 35, 31]]
[28, 125, 3, [28, 35, 27, 31]]
[11, 125, 3, [11, 35, 32, 31]]
[11, 125, 3, [11, 35, 32, 31]]
[11, 125, 3, [11, 35, 32, 31]]
[14, 125, 2, [14, 35, 31]]
[14, 125, 2, [14, 35, 31]]
[32, 126, 1, [32, 31]]
[32, 126, 1, [32, 31]]
[22, 126, 3, [22, 14, 35, 31]]
[22, 126, 3, [22, 14, 35, 31]]
[22, 126, 3, [22, 14, 35, 31]]
[22, 126, 4, [22, 14, 35, 27, 31]]
[5, 126, 3, [5, 33, 35, 31]]
[5, 126, 3, [5, 33, 35, 31]]
[12, 126, 3, [12, 19, 35, 31]]
[12, 126, 3, [12, 19, 35, 31]]
[35, 126, 2, [35, 32, 31]]
[35, 126, 2, [35, 32, 31]]
[32, 127, 1, [32, 31]]
[34, 127, 1, [34, 31]]
[32, 127, 1, [32, 31]]
[34, 127, 1, [34, 31]]
[11, 127, 3, [11, 35, 32, 31]]
[11, 127, 3, [11, 35, 32, 31]]
[34, 128, 1, [34, 31]]
[34, 128, 1, [34, 31]]
[33, 128, 1, [33, 35]]
[34, 128, 2, [34, 27, 31]]
[20, 128, 4, [20, 11, 35, 32, 31]]
[20, 128, 4, [20, 11, 35, 32, 31]]
[33, 128, 3, [33, 35, 27, 31]]
[10, 129, 3, [10, 18, 33, 31]]
[10, 129, 3, [10, 18, 33, 31]]
[17, 129, 3, [17, 19, 35, 31]]
[17, 129, 3, [17, 19, 35, 31]]
[28, 129, 2, [28, 35, 31]]
[28, 129, 5, [28, 35, 33, 35, 33, 31]]
[4, 130, 4, [4, 14, 33, 35, 31]]
[4, 130, 4, [4, 14, 33, 35, 31]]
[4, 130, 5, [4, 14, 33, 35, 32, 31]]
[32, 131, 1, [32, 31]]
[32, 131, 1, [32, 31]]
[10, 131, 3, [10, 11, 35, 31]]
[10, 131, 3, [10, 11, 35, 31]]
[22, 134, 3, [22, 14, 33, 31]]
[11, 134, 3, [11, 35, 32, 31]]
[11, 134, 3, [11, 35, 32, 31]]
[32, 134, 1, [32, 31]]
[32, 134, 1, [32, 31]]
[32, 134, 1, [32, 31]]
[22, 134, 4, [22, 5, 35, 32, 31]]
[15, 134, 4, [15, 8, 18, 33, 31]]
[15, 134, 4, [15, 8, 18, 33, 31]]
[25, 135, 3, [25, 35, 32, 31]]
[25, 135, 3, [25, 35, 32, 31]]
[20, 135, 5, [20, 8, 18, 35, 33, 31]]
[20, 135, 5, [20, 8, 18, 35, 33, 31]]
[14, 135, 3, [14, 35, 33, 31]]
[14, 135, 3, [14, 35, 33, 31]]
[33, 136, 1, [33, 35]]
[33, 136, 1, [33, 35]]
[32, 138, 1, [32, 31]]
[32, 138, 1, [32, 31]]
[32, 140, 1, [32, 31]]
[32, 140, 1, [32, 31]]
[19, 140, 2, [19, 35, 31]]
[19, 140, 2, [19, 35, 31]]
[26, 140, 3, [26, 35, 33, 31]]
[19, 140, 2, [19, 35, 31]]
[26, 140, 3, [26, 35, 33, 31]]
[17, 140, 4, [17, 26, 35, 33, 31]]
[17, 140, 4, [17, 26, 35, 33, 31]]
[35, 140, 1, [35, 33]]
[35, 140, 1, [35, 33]]
