33 3
34 3
10 3
10 3
6 3
6 3
17 4
35 4
32 5
10 5
35 5
10 5
1 6
25 6
18 6
18 6
18 6
18 6
6 6
22 7
35 7
7 7
11 7
4 7
20 7
1 7
1 7
32 8
32 8
32 8
22 8
8 8
6 9
4 9
2 9
32 9
12 9
13 9
34 10
5 10
2 10
14 10
11 10
36 10
36 10
8 10
17 10
25 11
13 11
32 11
32 11
25 11
2 11
26 11
15 12
18 12
18 12
1 12
19 12
32 13
32 13
36 13
19 13
19 13
1 13
1 13
35 13
20 13
11 13
11 13
34 14
17 14
17 14
17 14
5 14
5 14
5 14
19 14
13 14
13 14
13 14
13 14
35 14
35 14
5 15
32 15
26 15
15 16
32 16
5 16
5 16
5 16
14 16
7 16
35 16
35 16
35 16
35 16
35 16
35 16
35 16
18 17
32 17
26 17
25 17
4 17
3 17
3 17
3 17
8 17
8 17
8 17
25 17
35 17
18 18
28 18
13 19
36 20
7 20
11 20
17 21
18 21
34 21
3 21
3 21
12 21
2 21
13 22
13 22
33 22
26 22
18 22
18 22
18 22
18 22
15 22
4 22
7 22
7 22
7 22
1 22
34 23
8 23
36 23
13 23
10 23
26 23
11 23
3 23
11 24
11 24
8 24
8 24
8 24
28 24
14 24
25 24
25 24
25 24
25 24
25 24
25 24
13 25
28 26
28 26
12 26
12 26
8 26
35 26
32 27
34 28
13 28
22 28
36 29
19 30
19 30
19 30
20 30
32 31
36 31
18 31
34 31
25 31
15 32
33 33
34 34
34 34
34 34
17 35
36 35
35 36
35 36
32 38
32 38
32 38
17 38
32 39
34 39
7 39
32 40
17 41
32 42
32 42
32 42
17 43
32 43
22 43
35 43
35 44
35 44
6 45
8 45
36 45
11 46
33 47
10 47
25 48
32 48
11 48
32 48
11 48
11 48
32 48
32 48
4 49
19 50
20 50
17 50
17 50
14 51
25 51
7 51
7 51
35 51
35 51
3 52
28 52
15 52
13 52
11 53
13 53
13 53
13 54
14 54
14 54
20 54
3 55
32 55
36 55
34 55
36 55
19 55
7 55
7 55
7 55
7 55
7 55
5 56
18 56
26 56
20 56
22 57
22 57
15 57
12 57
10 57
14 58
14 58
14 58
32 58
5 58
12 58
35 58
35 58
19 59
19 59
19 59
34 59
19 59
8 59
11 59
13 59
32 60
11 60
11 60
11 60
18 60
11 60
11 60
30 60
17 60
20 60
28 60
35 60
11 61
11 61
15 61
7 61
5 62
25 62
36 62
26 62
33 63
34 64
33 64
19 64
19 64
34 64
19 64
19 64
11 64
36 65
35 65
5 66
19 66
4 66
15 66
34 66
5 67
19 67
19 67
18 67
19 67
19 67
10 67
35 67
32 68
36 68
32 68
36 68
5 68
8 68
26 68
19 68
11 68
13 68
11 68
22 68
11 68
11 68
15 68
13 69
13 69
13 69
5 69
5 69
18 69
4 69
22 70
14 70
33 71
6 71
6 71
32 71
5 71
5 71
14 72
13 72
22 72
11 72
28 72
28 72
14 73
12 73
8 73
8 73
13 73
26 74
34 74
7 74
6 75
17 75
8 76
8 76
26 76
28 76
30 76
13 77
35 77
35 77
14 78
14 78
12 78
5 79
13 79
15 79
15 79
35 79
33 80
4 80
4 80
4 80
32 80
6 80
12 80
22 80
22 80
34 80
12 81
25 81
20 81
20 81
35 81
10 82
10 82
26 82
15 82
15 82
20 82
34 83
7 83
11 83
34 83
26 83
26 83
20 83
12 84
8 84
8 84
13 85
10 85
10 85
10 85
10 85
10 85
8 85
8 85
6 85
6 85
35 85
35 85
17 86
7 86
6 86
10 86
22 86
35 86
35 86
10 87
13 87
3 87
6 87
30 87
18 88
18 88
18 88
34 88
13 88
13 88
35 89
35 89
35 89
35 89
30 90
15 90
5 91
8 92
35 92
15 93
15 93
10 93
18 93
19 93
25 94
25 94
25 94
13 94
13 94
36 94
4 94
36 95
10 95
13 95
32 95
32 95
12 95
5 95
14 95
11 96
10 96
10 96
30 96
10 96
6 96
4 96
15 96
35 96
4 97
4 97
6 97
5 97
5 97
20 97
35 97
7 98
7 98
30 98
7 98
6 98
6 98
6 98
28 98
26 98
26 98
26 98
10 98
35 98
34 99
18 99
22 99
28 99
18 100
4 100
3 100
7 100
28 100
11 101
15 101
13 102
13 102
20 102
20 102
22 102
12 102
32 103
22 103
3 103
3 103
3 103
8 103
36 104
8 104
18 104
10 104
10 104
35 104
11 105
10 106
32 106
10 106
32 106
14 106
3 107
34 108
19 108
14 108
3 109
6 109
25 109
4 110
8 110
12 111
12 111
12 111
10 111
14 111
28 112
28 112
28 112
17 112
17 112
18 112
11 113
7 113
28 113
28 113
15 113
34 113
15 113
15 113
4 113
35 113
32 114
15 114
32 114
15 114
7 114
30 114
22 114
35 114
6 115
6 115
6 115
6 115
13 115
8 115
30 115
30 115
25 115
7 115
7 115
20 115
4 116
15 117
4 117
28 118
4 119
4 119
33 119
34 120
35 120
10 121
10 121
7 121
11 121
19 122
19 122
4 122
26 123
26 123
32 123
14 123
6 123
11 123
11 123
20 123
3 123
28 123
17 123
17 123
17 123
17 123
17 123
17 123
17 123
34 124
30 124
11 124
4 124
4 124
17 124
26 124
6 125
6 125
34 125
10 125
28 125
11 125
11 125
14 125
32 126
22 126
22 126
22 126
5 126
12 126
35 126
32 127
34 127
11 127
34 128
34 128
20 128
33 128
10 129
17 129
28 129
4 130
4 130
32 131
10 131
11 134
32 134
32 134
22 134
15 134
25 135
20 135
14 135
33 136
32 138
32 140
19 140
19 140
26 140
17 140
35 140
