cycle	cycle_prr	duplicates	loop_count	hop_avg	std	loopy_hop_avg	std	link_usage	err_count
2	0.8333	6	0	2.2258	0.8312	nan	nan	69	0
3	0.8000	2	1	2.8462	1.5614	6.0000	0.0000	74	0
4	0.8667	4	1	2.8667	1.8391	6.0000	0.0000	86	0
5	1.0000	7	3	3.2703	1.6382	7.0000	0.0000	121	0
6	0.9000	8	1	2.8000	1.2142	5.0000	0.0000	98	0
7	0.9333	5	0	2.5152	1.2821	nan	nan	83	0
8	0.9667	6	0	2.4857	1.0521	nan	nan	87	0
9	0.8667	9	1	2.4857	1.0789	5.0000	0.0000	87	0
10	0.9667	7	1	2.3056	1.2206	7.0000	0.0000	83	0
11	0.8333	5	0	2.3000	0.9363	nan	nan	69	0
12	0.9000	11	0	2.1842	0.8226	nan	nan	83	0
13	0.8667	14	1	2.3750	1.1110	6.0000	0.0000	95	0
14	0.7667	3	2	2.6154	1.7991	7.5000	0.5000	68	0
15	0.7667	14	0	2.4324	1.4054	nan	nan	90	0
16	0.9333	13	1	2.7317	1.3439	7.0000	0.0000	112	0
17	0.8667	2	2	3.0000	1.7928	7.0000	3.0000	84	0
18	0.9000	1	0	2.9643	1.4996	nan	nan	83	0
19	0.8333	3	1	2.9643	1.5465	5.0000	0.0000	83	0
20	0.8333	7	3	3.0625	1.5600	4.3333	0.4714	98	0
21	0.8667	14	0	3.0500	1.3955	nan	nan	122	0
22	0.8667	8	2	2.7941	1.5103	6.5000	0.5000	95	0
23	0.9000	13	1	2.7750	1.3507	8.0000	0.0000	111	0
24	0.8333	1	4	3.4231	2.0224	6.5000	1.6583	89	0
25	0.7333	6	0	3.1071	1.7184	nan	nan	87	0
26	0.8333	1	0	2.7692	1.2803	nan	nan	72	0
27	0.8000	3	0	2.7037	1.2712	nan	nan	73	0
28	0.7333	1	0	2.5652	1.0141	nan	nan	59	0
29	0.9000	4	0	2.4194	0.8337	nan	nan	75	0
30	0.8000	5	0	2.2414	0.8966	nan	nan	65	0
31	0.8667	1	0	2.5185	0.8765	nan	nan	68	0
32	0.7000	1	0	2.4545	1.2332	nan	nan	54	0
33	0.9000	3	0	2.3000	0.9000	nan	nan	69	0
34	0.8667	2	0	2.6786	0.9656	nan	nan	75	0
35	0.8667	2	0	2.4286	0.8207	nan	nan	68	0
36	0.7667	0	0	2.4783	0.8782	nan	nan	57	0
37	0.8333	4	0	2.3793	0.9253	nan	nan	69	0
38	0.6667	3	0	2.4348	1.1731	nan	nan	56	0
39	0.7333	1	0	2.2174	0.8318	nan	nan	51	0
40	0.7333	1	0	2.5217	1.0159	nan	nan	58	0
41	0.6667	3	0	2.1739	0.8674	nan	nan	50	0
42	0.8000	4	0	2.5714	0.9794	nan	nan	72	0
43	0.7667	2	0	2.5600	0.9415	nan	nan	64	0
44	0.8667	3	0	2.4483	0.8131	nan	nan	71	0
45	0.8000	1	0	2.4800	0.8060	nan	nan	62	0
46	0.7667	2	0	2.4800	0.9847	nan	nan	62	0
47	0.8667	8	0	2.1765	0.8565	nan	nan	74	0
48	0.8667	1	0	2.4444	0.7857	nan	nan	66	0
49	0.7667	4	0	2.5926	0.8717	nan	nan	70	0
50	0.8333	6	0	2.2581	0.7606	nan	nan	70	0
51	0.8000	4	0	2.3571	0.7178	nan	nan	66	0
52	0.8000	3	1	2.5185	0.8331	4.0000	0.0000	68	0
53	0.8000	4	0	2.5000	0.8660	nan	nan	70	0
54	0.9000	11	0	2.4474	0.7846	nan	nan	93	0
55	0.8667	4	5	3.2667	1.6918	6.0000	0.6325	98	0
56	0.7000	5	2	3.2308	1.2187	6.0000	0.0000	84	0
57	0.8000	8	2	2.7188	1.7363	7.5000	0.5000	87	0
58	0.8333	8	0	2.5758	0.7398	nan	nan	85	0
59	0.8667	12	0	2.3684	0.9575	nan	nan	90	0
60	0.8000	4	0	2.2857	0.6999	nan	nan	64	0
61	0.8000	4	0	2.3929	0.9761	nan	nan	67	0
62	0.8667	1	0	2.4074	0.8282	nan	nan	65	0
63	0.7667	8	0	2.3871	1.0373	nan	nan	74	0
64	0.8667	2	0	2.3571	0.8113	nan	nan	66	0
65	0.9333	5	0	2.3939	0.7761	nan	nan	79	0
66	0.9000	8	0	2.4571	0.8398	nan	nan	86	0
67	0.7333	15	0	2.1892	0.7654	nan	nan	81	0
68	0.9000	7	0	2.4118	0.8087	nan	nan	82	0
69	0.7667	2	0	2.4400	0.8980	nan	nan	61	0
70	0.8000	6	0	2.4333	0.7608	nan	nan	73	0
71	0.8000	6	0	2.3000	0.8622	nan	nan	69	0
72	0.8000	5	0	2.5172	0.8952	nan	nan	73	0
73	0.8333	3	0	2.3214	0.8886	nan	nan	65	0
74	0.9000	2	0	2.4828	0.9329	nan	nan	72	0
75	0.9000	5	0	2.4688	0.8655	nan	nan	79	0
76	0.8667	3	0	2.3103	0.9136	nan	nan	67	0
77	0.7667	3	0	2.3462	0.8745	nan	nan	61	0
78	0.8667	5	0	2.5484	1.0109	nan	nan	79	0
79	0.8667	10	0	2.3611	0.8217	nan	nan	85	0
80	0.7333	5	0	2.2963	0.8527	nan	nan	62	0
81	0.8000	6	2	3.5000	1.8574	8.0000	0.0000	105	0
82	0.7667	7	1	2.5333	1.2037	5.0000	0.0000	76	0
83	0.8333	3	4	3.2857	1.9431	6.7500	1.4790	92	0
84	0.8000	12	1	3.1389	1.3571	6.0000	0.0000	113	0
85	0.8333	7	1	2.9062	1.4654	5.0000	0.0000	93	0
86	0.8333	5	3	3.2333	1.5850	6.0000	0.8165	97	0
87	0.7667	6	1	3.1724	1.6415	9.0000	0.0000	92	0
88	0.7667	4	2	2.8889	1.6405	6.0000	1.0000	78	0
89	0.8000	2	2	3.4231	1.8641	7.5000	1.5000	89	0
90	0.8667	1	1	3.2963	1.6514	8.0000	0.0000	89	0
91	0.7333	2	0	2.7917	1.1895	nan	nan	67	0
92	0.8667	5	2	3.0968	1.2790	4.5000	0.5000	96	0
93	0.8333	7	1	3.0938	1.6462	6.0000	0.0000	99	0
94	0.8000	8	0	2.6562	1.4056	nan	nan	85	0
95	0.8667	9	2	3.4286	1.6263	5.0000	0.0000	120	0
96	0.8333	7	3	3.0938	1.7022	6.6667	1.2472	99	0
97	0.9000	13	0	3.0000	1.1832	nan	nan	120	0
98	0.9000	4	0	2.4839	1.0433	nan	nan	77	0
99	0.8667	5	2	2.9032	1.2535	5.0000	1.0000	90	0
100	0.8333	2	0	2.6667	1.2766	nan	nan	72	0
101	0.8333	6	0	2.9032	1.1175	nan	nan	90	0
102	0.8333	6	1	2.5484	1.1025	6.0000	0.0000	79	0
103	0.8000	6	0	2.7000	1.3204	nan	nan	81	0
104	0.8333	1	2	2.7308	1.1286	4.5000	0.5000	71	0
105	0.8000	5	0	2.7586	1.1643	nan	nan	80	0
106	0.8667	1	2	2.8889	1.2571	4.0000	0.0000	78	0
107	0.9000	3	1	2.9333	1.4591	7.0000	0.0000	88	0
108	0.8333	3	2	2.8571	1.1867	5.0000	0.0000	80	0
109	0.8667	2	1	3.1071	1.2632	6.0000	0.0000	87	0
110	0.9000	5	1	3.0625	1.3448	5.0000	0.0000	98	0
111	0.8667	6	1	2.9375	1.2231	5.0000	0.0000	94	0
112	0.9333	10	2	2.7368	1.0927	4.0000	0.0000	104	0
113	0.8333	8	3	2.8788	1.4090	5.3333	0.4714	95	0
114	0.9000	12	5	3.2051	1.5389	6.0000	0.0000	125	0
115	0.7667	1	1	2.5833	1.0769	4.0000	0.0000	62	0
116	0.8667	2	1	2.9643	1.3224	5.0000	0.0000	83	0
117	0.8000	1	0	2.4400	0.9831	nan	nan	61	0
118	0.9000	3	0	2.3333	0.8692	nan	nan	70	0
119	0.6333	2	0	2.2857	1.1188	nan	nan	48	0
120	0.8667	4	0	2.3000	0.8622	nan	nan	69	0
121	0.8000	3	0	2.2222	0.7857	nan	nan	60	0
122	0.8000	17	0	2.3415	0.7194	nan	nan	96	0
123	0.7000	7	0	2.2143	0.7726	nan	nan	62	0
124	0.6000	8	1	2.7692	1.1867	5.0000	0.0000	72	0
125	0.8667	7	0	2.9394	1.1531	nan	nan	97	0
126	0.6333	3	1	2.7727	1.3461	6.0000	0.0000	61	0
127	0.6333	4	2	3.0435	1.4885	5.5000	0.5000	70	0
128	0.8667	3	1	3.1379	1.2240	5.0000	0.0000	91	0
129	0.7667	2	2	3.1200	1.4232	6.0000	1.0000	78	0
130	0.7667	2	2	3.0800	1.2937	5.5000	0.5000	77	0
131	0.7667	0	0	2.7826	1.1404	nan	nan	64	0
132	0.9000	0	0	2.8519	1.0785	nan	nan	77	0
133	0.8667	5	0	2.7742	1.1276	nan	nan	86	0
134	0.7333	3	0	3.0800	1.0553	nan	nan	77	0
135	0.7667	1	3	3.0417	1.6452	6.0000	0.8165	73	0
136	0.7000	0	1	3.1429	1.1664	6.0000	0.0000	66	0
137	0.8000	1	0	2.7600	1.1056	nan	nan	69	0
138	0.9000	0	0	2.8148	1.0554	nan	nan	76	0
139	0.8333	6	0	2.6129	1.0977	nan	nan	81	0
140	0.6667	0	0	2.5500	0.9206	nan	nan	51	0

nodeid	prr	seq_list
1 0.894736842105	[4, 5, 6, 7, 8, 9, 10, 11, 12, 13, 14, 16, 17, 19, 20, 21, 22]
2 0.952380952381	[4, 5, 6, 7, 8, 9, 10, 11, 12, 13, 14, 15, 16, 17, 18, 19, 20, 21, 23, 24]
3 0.877697841727	[3, 4, 5, 6, 7, 8, 9, 10, 11, 12, 14, 16, 17, 18, 19, 20, 21, 22, 23, 24, 25, 27, 28, 29, 30, 31, 32, 34, 35, 36, 38, 39, 42, 43, 44, 45, 46, 47, 49, 50, 51, 52, 53, 54, 55, 56, 57, 58, 59, 60, 61, 62, 63, 64, 65, 66, 67, 69, 71, 72, 73, 74, 75, 76, 77, 79, 80, 81, 82, 83, 84, 86, 87, 88, 89, 90, 91, 92, 93, 94, 95, 96, 97, 98, 99, 100, 101, 102, 103, 104, 105, 106, 107, 108, 109, 110, 111, 112, 113, 114, 115, 116, 117, 118, 119, 121, 122, 123, 126, 127, 129, 131, 132, 133, 134, 135, 136, 137, 138, 139, 140, 141]
4 0.805755395683	[3, 4, 5, 6, 7, 9, 10, 13, 14, 15, 16, 17, 21, 22, 23, 25, 26, 27, 28, 29, 30, 31, 32, 33, 34, 35, 37, 38, 41, 43, 44, 45, 46, 48, 49, 50, 51, 52, 54, 55, 56, 57, 58, 59, 60, 63, 65, 66, 67, 69, 70, 71, 72, 73, 74, 75, 76, 77, 78, 79, 80, 81, 82, 84, 85, 86, 88, 89, 90, 91, 92, 93, 94, 96, 97, 98, 99, 100, 101, 102, 103, 104, 105, 106, 107, 108, 109, 110, 111, 112, 113, 114, 115, 116, 117, 118, 119, 121, 122, 123, 124, 126, 128, 129, 130, 131, 132, 133, 134, 139, 140, 141]
5 0.89928057554	[3, 4, 5, 6, 8, 9, 10, 11, 13, 14, 15, 16, 17, 18, 19, 20, 21, 22, 23, 24, 25, 26, 27, 28, 29, 30, 31, 32, 33, 34, 35, 36, 37, 38, 39, 40, 41, 42, 43, 44, 45, 46, 47, 48, 49, 50, 51, 52, 54, 55, 56, 58, 59, 60, 61, 62, 63, 64, 65, 66, 67, 68, 69, 70, 71, 72, 73, 74, 75, 76, 77, 78, 79, 80, 81, 82, 83, 84, 85, 86, 87, 88, 89, 91, 92, 93, 95, 96, 97, 98, 99, 100, 101, 102, 103, 104, 105, 107, 108, 109, 110, 111, 113, 114, 115, 116, 117, 118, 119, 121, 122, 123, 126, 127, 128, 129, 130, 131, 133, 134, 136, 137, 138, 139, 141]
6 0.856115107914	[3, 5, 6, 7, 8, 9, 10, 11, 15, 18, 19, 20, 21, 22, 24, 25, 26, 27, 28, 29, 30, 32, 33, 34, 35, 36, 37, 38, 39, 40, 41, 42, 43, 45, 46, 47, 48, 49, 51, 52, 53, 54, 55, 56, 57, 58, 59, 60, 62, 63, 64, 65, 66, 67, 69, 71, 72, 74, 75, 76, 77, 78, 79, 80, 81, 84, 85, 86, 87, 88, 89, 90, 91, 93, 94, 95, 96, 97, 98, 99, 100, 101, 102, 103, 104, 105, 106, 107, 108, 109, 110, 111, 112, 113, 114, 115, 116, 117, 118, 119, 121, 122, 123, 124, 125, 126, 127, 128, 129, 130, 132, 133, 134, 135, 136, 138, 139, 140, 141]
7 0.834532374101	[3, 4, 5, 6, 7, 8, 11, 12, 13, 14, 15, 16, 17, 19, 20, 22, 24, 25, 26, 27, 30, 31, 32, 34, 35, 36, 37, 38, 39, 40, 41, 42, 43, 44, 45, 46, 47, 48, 49, 50, 51, 52, 54, 55, 56, 57, 59, 61, 63, 64, 65, 66, 67, 68, 69, 70, 71, 73, 74, 75, 76, 77, 78, 79, 80, 81, 83, 85, 86, 87, 89, 90, 91, 92, 93, 94, 95, 96, 97, 98, 99, 100, 101, 103, 104, 105, 106, 107, 108, 109, 110, 111, 112, 113, 114, 115, 116, 117, 118, 119, 120, 121, 123, 124, 125, 126, 127, 128, 130, 131, 133, 134, 138, 139, 140, 141]
8 0.870503597122	[3, 4, 5, 6, 7, 8, 9, 10, 11, 12, 13, 14, 15, 17, 18, 19, 20, 21, 23, 24, 25, 26, 27, 29, 30, 31, 33, 34, 35, 36, 37, 38, 39, 40, 41, 42, 43, 44, 45, 46, 47, 48, 49, 50, 51, 52, 53, 55, 56, 57, 58, 59, 60, 61, 62, 63, 64, 65, 66, 67, 68, 69, 70, 71, 72, 73, 74, 75, 76, 77, 79, 80, 82, 83, 84, 85, 86, 87, 89, 90, 91, 92, 93, 94, 95, 98, 99, 101, 102, 103, 104, 105, 106, 108, 109, 110, 111, 112, 113, 114, 115, 117, 118, 119, 120, 121, 123, 126, 127, 128, 129, 130, 131, 132, 133, 136, 137, 138, 139, 140, 141]
10 0.856115107914	[3, 4, 5, 6, 7, 8, 9, 10, 11, 12, 13, 14, 15, 16, 18, 19, 20, 21, 22, 23, 25, 28, 29, 30, 32, 33, 35, 36, 37, 38, 40, 43, 44, 46, 47, 48, 49, 51, 53, 54, 56, 57, 58, 59, 60, 61, 62, 63, 64, 65, 66, 67, 68, 69, 70, 71, 73, 75, 76, 77, 78, 79, 80, 81, 82, 84, 85, 86, 87, 88, 90, 91, 92, 93, 94, 95, 96, 97, 98, 99, 100, 101, 102, 103, 104, 106, 107, 108, 109, 110, 111, 112, 113, 114, 115, 116, 117, 118, 119, 120, 121, 124, 125, 126, 127, 128, 129, 130, 131, 132, 133, 134, 135, 136, 137, 138, 139, 140, 141]
11 0.906474820144	[3, 4, 5, 6, 7, 8, 9, 10, 11, 12, 13, 16, 17, 18, 19, 20, 21, 22, 23, 24, 25, 26, 27, 28, 29, 30, 32, 34, 35, 36, 37, 38, 39, 41, 42, 43, 45, 46, 47, 48, 49, 50, 51, 52, 53, 54, 55, 56, 59, 60, 61, 63, 64, 65, 66, 67, 68, 69, 70, 71, 72, 73, 75, 76, 77, 78, 79, 80, 81, 82, 83, 84, 85, 87, 88, 89, 90, 91, 92, 93, 94, 95, 96, 97, 98, 99, 100, 101, 102, 103, 104, 105, 106, 107, 108, 109, 110, 112, 113, 115, 116, 117, 118, 119, 120, 121, 122, 123, 124, 125, 126, 127, 128, 129, 130, 131, 132, 133, 134, 135, 136, 137, 138, 139, 140, 141]
12 0.826086956522	[3, 5, 6, 7, 8, 9, 10, 11, 12, 13, 14, 15, 17, 18, 19, 20, 21, 22, 23, 24, 25, 26, 27, 28, 29, 30, 31, 32, 33, 34, 35, 36, 39, 41, 43, 45, 46, 47, 48, 50, 51, 52, 53, 54, 55, 56, 57, 58, 59, 61, 62, 63, 65, 66, 67, 68, 69, 70, 72, 73, 74, 75, 76, 77, 78, 79, 80, 81, 82, 83, 84, 85, 86, 87, 88, 89, 90, 91, 93, 94, 95, 96, 97, 98, 99, 100, 101, 102, 103, 105, 106, 107, 108, 109, 110, 111, 112, 113, 114, 115, 119, 121, 122, 125, 126, 129, 130, 131, 132, 133, 134, 136, 139, 140]
13 0.891304347826	[3, 5, 6, 7, 8, 9, 10, 11, 12, 13, 14, 15, 17, 18, 19, 21, 22, 23, 24, 25, 26, 27, 28, 29, 30, 31, 32, 34, 36, 37, 38, 40, 43, 44, 45, 46, 47, 48, 49, 50, 51, 52, 53, 54, 55, 56, 57, 58, 59, 60, 61, 62, 63, 64, 65, 66, 67, 68, 69, 70, 71, 72, 73, 74, 75, 76, 77, 79, 80, 82, 83, 85, 86, 87, 88, 89, 90, 91, 92, 93, 94, 95, 96, 97, 98, 99, 100, 101, 102, 103, 104, 105, 106, 107, 108, 110, 111, 112, 113, 115, 116, 117, 119, 120, 121, 122, 123, 124, 125, 126, 127, 128, 129, 130, 131, 133, 134, 135, 136, 137, 138, 139, 140]
14 0.920863309353	[3, 4, 5, 6, 7, 8, 9, 10, 11, 12, 13, 14, 16, 17, 18, 19, 20, 21, 22, 23, 24, 25, 26, 27, 28, 29, 30, 31, 32, 33, 34, 35, 36, 37, 38, 39, 40, 41, 42, 43, 44, 45, 47, 48, 49, 51, 52, 53, 54, 55, 56, 57, 58, 59, 60, 61, 62, 63, 65, 66, 67, 68, 70, 71, 72, 73, 74, 75, 76, 77, 78, 79, 80, 81, 82, 83, 84, 85, 86, 87, 88, 89, 90, 91, 93, 94, 95, 96, 97, 98, 99, 100, 101, 102, 104, 105, 106, 107, 108, 109, 111, 112, 113, 114, 115, 117, 118, 119, 121, 122, 123, 124, 125, 126, 128, 129, 130, 131, 132, 133, 134, 135, 136, 137, 138, 139, 140, 141]
15 0.846715328467	[4, 6, 7, 9, 10, 11, 12, 13, 15, 16, 17, 18, 19, 20, 22, 24, 26, 27, 28, 30, 31, 32, 33, 34, 35, 36, 38, 39, 40, 44, 45, 46, 47, 48, 49, 50, 52, 53, 54, 55, 56, 57, 59, 60, 61, 62, 63, 64, 65, 66, 67, 68, 69, 70, 71, 72, 74, 75, 76, 77, 78, 79, 80, 82, 83, 84, 85, 86, 87, 88, 89, 90, 91, 93, 95, 96, 97, 99, 100, 101, 102, 103, 104, 105, 107, 108, 109, 110, 111, 112, 113, 114, 115, 117, 118, 119, 120, 121, 122, 123, 125, 126, 127, 128, 129, 130, 131, 132, 133, 134, 135, 136, 137, 138, 139, 140]
17 0.811594202899	[4, 5, 6, 7, 8, 9, 10, 11, 12, 13, 14, 15, 16, 17, 18, 19, 20, 21, 23, 24, 25, 27, 28, 30, 32, 33, 34, 35, 36, 37, 38, 40, 41, 42, 43, 44, 46, 47, 48, 49, 50, 51, 52, 53, 54, 55, 57, 58, 59, 60, 62, 63, 64, 66, 67, 68, 69, 71, 73, 74, 75, 76, 79, 82, 83, 84, 85, 86, 87, 88, 89, 91, 92, 94, 96, 97, 98, 99, 100, 102, 106, 107, 108, 109, 110, 111, 112, 113, 114, 115, 116, 117, 118, 119, 120, 121, 122, 123, 124, 125, 126, 128, 129, 132, 133, 134, 135, 136, 137, 139, 140, 141]
18 0.856115107914	[3, 4, 6, 8, 9, 11, 12, 13, 14, 15, 17, 18, 20, 21, 22, 23, 24, 25, 26, 27, 29, 30, 31, 32, 33, 34, 35, 36, 38, 39, 40, 41, 42, 43, 44, 45, 46, 47, 48, 49, 50, 51, 52, 53, 54, 55, 56, 58, 60, 61, 62, 63, 64, 65, 66, 67, 68, 69, 70, 71, 72, 74, 75, 76, 77, 78, 79, 81, 82, 83, 84, 85, 86, 87, 88, 89, 91, 92, 93, 94, 95, 96, 97, 98, 99, 100, 101, 103, 104, 105, 106, 107, 108, 109, 110, 111, 112, 113, 114, 115, 116, 118, 119, 120, 121, 122, 125, 126, 129, 131, 132, 133, 134, 135, 136, 138, 139, 140, 141]
19 0.833333333333	[3, 5, 6, 7, 8, 9, 10, 11, 12, 13, 14, 15, 16, 17, 18, 19, 20, 21, 22, 23, 24, 25, 26, 27, 28, 29, 30, 31, 32, 33, 34, 35, 36, 37, 38, 43, 44, 45, 46, 48, 49, 50, 51, 53, 54, 55, 56, 57, 58, 59, 60, 61, 62, 63, 64, 65, 66, 67, 68, 69, 70, 71, 73, 75, 76, 77, 78, 79, 80, 84, 87, 88, 89, 91, 92, 93, 94, 95, 96, 97, 98, 99, 101, 103, 104, 105, 106, 107, 108, 109, 110, 111, 112, 113, 114, 115, 116, 117, 119, 120, 121, 122, 124, 126, 127, 128, 130, 132, 133, 134, 135, 136, 138, 139, 140]
20 0.876811594203	[3, 4, 5, 6, 7, 8, 9, 10, 11, 13, 16, 17, 18, 19, 20, 21, 22, 23, 24, 25, 27, 28, 29, 30, 31, 33, 34, 35, 36, 37, 38, 39, 41, 42, 43, 44, 45, 46, 49, 50, 51, 52, 53, 54, 55, 56, 57, 58, 60, 62, 63, 64, 65, 66, 67, 69, 70, 71, 72, 73, 74, 75, 77, 78, 79, 80, 81, 82, 83, 84, 85, 86, 87, 89, 90, 91, 92, 93, 94, 96, 97, 98, 99, 100, 101, 102, 103, 104, 105, 106, 107, 108, 109, 110, 111, 112, 113, 115, 116, 117, 118, 119, 121, 122, 123, 124, 125, 126, 128, 129, 130, 131, 132, 133, 134, 135, 136, 137, 138, 139, 140]
22 0.841726618705	[3, 4, 6, 7, 8, 9, 10, 11, 12, 13, 14, 17, 18, 19, 22, 23, 24, 25, 27, 28, 30, 31, 32, 33, 34, 35, 36, 37, 40, 41, 42, 43, 44, 45, 46, 47, 48, 49, 50, 51, 52, 53, 55, 56, 57, 59, 60, 61, 62, 65, 66, 67, 68, 69, 70, 71, 72, 73, 74, 75, 76, 77, 78, 79, 80, 81, 82, 83, 84, 85, 86, 87, 90, 91, 92, 93, 94, 95, 96, 97, 98, 99, 100, 101, 102, 103, 105, 106, 107, 108, 109, 110, 111, 112, 113, 114, 115, 116, 117, 119, 120, 122, 123, 124, 125, 126, 127, 129, 130, 131, 133, 134, 135, 137, 138, 140, 141]
24 0.985611510791	[3, 4, 5, 6, 7, 8, 9, 10, 11, 12, 13, 14, 15, 16, 17, 18, 19, 20, 21, 22, 23, 24, 25, 26, 27, 28, 29, 30, 31, 32, 33, 34, 35, 36, 37, 38, 39, 40, 41, 42, 43, 44, 45, 46, 47, 48, 49, 50, 51, 52, 53, 54, 55, 56, 58, 59, 60, 61, 62, 63, 64, 65, 66, 67, 68, 69, 70, 71, 72, 73, 74, 75, 76, 77, 78, 79, 80, 81, 82, 83, 84, 85, 86, 87, 88, 89, 90, 92, 93, 94, 95, 96, 97, 98, 99, 100, 101, 102, 103, 104, 105, 106, 107, 108, 109, 110, 111, 112, 113, 114, 115, 116, 117, 118, 119, 120, 121, 122, 123, 124, 125, 126, 127, 128, 129, 130, 131, 132, 133, 134, 135, 136, 137, 138, 139, 140, 141]
25 0.898550724638	[3, 5, 6, 7, 8, 9, 10, 11, 12, 13, 14, 15, 16, 17, 18, 19, 21, 22, 23, 24, 25, 26, 28, 29, 30, 31, 32, 34, 35, 36, 37, 38, 39, 40, 41, 43, 44, 45, 46, 47, 48, 49, 50, 51, 52, 53, 54, 55, 56, 57, 58, 59, 60, 61, 62, 63, 64, 65, 66, 67, 69, 70, 72, 73, 74, 75, 76, 77, 78, 79, 80, 81, 82, 83, 84, 85, 86, 87, 88, 90, 92, 93, 94, 95, 96, 97, 98, 99, 100, 101, 102, 103, 105, 106, 107, 108, 109, 110, 111, 112, 113, 114, 115, 117, 118, 119, 121, 122, 123, 124, 126, 127, 129, 130, 131, 132, 133, 134, 135, 136, 137, 138, 139, 140]
26 0.791366906475	[3, 6, 7, 8, 9, 11, 12, 13, 14, 15, 16, 17, 18, 19, 20, 21, 22, 23, 24, 25, 26, 27, 28, 29, 30, 31, 32, 34, 35, 36, 37, 38, 39, 40, 42, 43, 44, 45, 48, 49, 50, 52, 53, 54, 55, 56, 58, 59, 60, 61, 62, 63, 66, 67, 68, 69, 71, 72, 73, 74, 75, 76, 78, 79, 80, 81, 82, 83, 86, 87, 88, 89, 90, 91, 92, 94, 95, 96, 97, 98, 99, 100, 101, 102, 103, 104, 105, 106, 108, 110, 111, 113, 114, 116, 117, 118, 119, 121, 122, 123, 124, 129, 132, 134, 135, 137, 138, 139, 140, 141]
27 0.978417266187	[3, 4, 5, 6, 7, 8, 9, 10, 11, 12, 13, 14, 15, 16, 17, 18, 19, 20, 21, 22, 23, 24, 25, 26, 27, 28, 29, 30, 31, 32, 33, 34, 35, 36, 37, 38, 39, 40, 41, 42, 43, 44, 45, 46, 47, 48, 49, 50, 51, 52, 53, 54, 55, 56, 57, 58, 59, 60, 61, 62, 63, 64, 65, 66, 67, 68, 69, 70, 72, 73, 74, 75, 76, 77, 78, 79, 80, 82, 83, 84, 85, 86, 87, 88, 89, 90, 91, 92, 93, 94, 95, 96, 97, 98, 99, 100, 101, 102, 103, 104, 105, 107, 108, 109, 110, 111, 112, 113, 114, 115, 116, 117, 118, 119, 120, 121, 122, 123, 124, 125, 126, 127, 128, 129, 130, 131, 132, 133, 134, 135, 136, 137, 138, 139, 140, 141]
28 0.841726618705	[3, 4, 5, 6, 7, 8, 9, 10, 11, 12, 14, 16, 17, 18, 19, 20, 21, 23, 24, 26, 27, 28, 29, 30, 31, 32, 33, 34, 35, 36, 37, 38, 39, 40, 41, 42, 45, 47, 48, 49, 51, 52, 53, 54, 55, 56, 57, 58, 59, 60, 61, 62, 64, 65, 66, 67, 68, 69, 70, 71, 72, 73, 74, 75, 76, 77, 80, 81, 82, 83, 84, 85, 86, 87, 88, 90, 91, 92, 93, 94, 95, 96, 98, 99, 100, 102, 104, 105, 106, 107, 109, 110, 111, 112, 113, 114, 115, 116, 117, 118, 119, 120, 121, 122, 123, 125, 126, 129, 131, 133, 134, 135, 136, 137, 138, 139, 141]
30 0.811594202899	[3, 4, 5, 6, 7, 8, 9, 11, 13, 14, 15, 17, 18, 19, 22, 23, 24, 25, 26, 27, 28, 30, 31, 32, 33, 34, 35, 37, 38, 39, 40, 41, 42, 43, 45, 46, 47, 48, 50, 55, 56, 57, 58, 59, 60, 61, 63, 64, 65, 66, 67, 68, 69, 70, 71, 72, 73, 74, 76, 77, 78, 79, 80, 81, 82, 84, 85, 87, 88, 90, 91, 92, 93, 94, 96, 97, 98, 100, 101, 102, 103, 104, 105, 106, 107, 108, 109, 110, 111, 112, 113, 114, 115, 116, 117, 118, 120, 122, 123, 124, 126, 127, 129, 130, 131, 132, 133, 135, 137, 138, 139, 140]
32 0.94964028777	[3, 4, 5, 6, 7, 8, 9, 10, 11, 12, 13, 14, 15, 16, 17, 18, 20, 21, 22, 23, 24, 25, 27, 28, 29, 30, 31, 32, 33, 34, 35, 36, 37, 38, 39, 40, 41, 42, 43, 44, 45, 46, 47, 48, 49, 50, 51, 52, 53, 54, 55, 56, 58, 59, 60, 61, 62, 63, 64, 65, 66, 67, 68, 69, 70, 71, 72, 73, 74, 75, 76, 77, 78, 79, 80, 81, 82, 83, 84, 85, 86, 89, 90, 91, 92, 93, 94, 95, 96, 97, 98, 99, 100, 102, 103, 104, 105, 106, 107, 108, 109, 110, 111, 112, 113, 114, 115, 116, 117, 118, 119, 120, 121, 123, 124, 125, 126, 127, 128, 129, 130, 131, 132, 133, 134, 135, 136, 137, 138, 139, 140, 141]
33 0.927536231884	[3, 4, 5, 6, 7, 8, 9, 10, 11, 12, 13, 14, 15, 16, 17, 18, 19, 20, 21, 22, 23, 24, 25, 26, 27, 30, 31, 32, 33, 34, 35, 36, 37, 38, 39, 40, 41, 42, 43, 44, 45, 46, 47, 48, 49, 50, 51, 52, 53, 55, 56, 57, 58, 59, 60, 61, 62, 63, 64, 65, 66, 68, 69, 70, 71, 72, 73, 74, 75, 76, 77, 78, 79, 80, 81, 83, 84, 85, 86, 87, 88, 89, 90, 91, 93, 94, 95, 96, 98, 99, 100, 101, 102, 103, 104, 106, 107, 108, 109, 110, 111, 112, 113, 114, 115, 116, 117, 118, 119, 120, 121, 122, 123, 124, 125, 126, 127, 128, 129, 130, 132, 133, 134, 136, 137, 138, 139, 140]
34 0.94964028777	[3, 4, 5, 6, 8, 9, 10, 11, 12, 13, 14, 15, 16, 17, 19, 20, 21, 22, 23, 24, 25, 26, 27, 28, 29, 30, 31, 32, 33, 34, 36, 37, 38, 39, 40, 41, 42, 44, 45, 46, 47, 48, 49, 50, 51, 52, 53, 54, 55, 56, 57, 58, 59, 60, 61, 62, 63, 64, 65, 66, 67, 69, 70, 71, 72, 73, 74, 75, 76, 77, 78, 79, 80, 81, 82, 83, 84, 86, 87, 88, 89, 90, 91, 92, 93, 95, 96, 97, 98, 99, 100, 101, 102, 103, 104, 105, 106, 107, 108, 109, 110, 111, 112, 113, 114, 115, 116, 117, 118, 119, 120, 121, 122, 123, 124, 125, 126, 127, 128, 129, 130, 131, 132, 133, 134, 135, 136, 137, 138, 139, 140, 141]
35 0.898550724638	[4, 5, 6, 7, 8, 9, 10, 11, 12, 13, 14, 15, 16, 17, 18, 19, 20, 21, 22, 23, 24, 26, 27, 28, 29, 31, 32, 33, 34, 35, 36, 37, 40, 41, 42, 43, 44, 45, 47, 48, 49, 50, 51, 52, 53, 54, 55, 56, 57, 58, 60, 61, 62, 63, 64, 65, 66, 67, 68, 69, 72, 73, 74, 75, 76, 77, 78, 79, 80, 81, 82, 83, 84, 85, 86, 87, 88, 89, 90, 91, 92, 93, 94, 95, 96, 97, 98, 99, 100, 101, 102, 103, 104, 105, 107, 108, 109, 111, 112, 113, 114, 115, 116, 117, 118, 119, 120, 121, 122, 123, 124, 126, 128, 129, 130, 131, 132, 133, 134, 135, 136, 139, 140, 141]
36 0.841726618705	[3, 4, 5, 6, 7, 8, 9, 10, 11, 12, 13, 14, 15, 16, 17, 18, 19, 20, 22, 23, 24, 25, 26, 28, 29, 30, 31, 32, 34, 35, 36, 38, 40, 41, 44, 45, 46, 48, 49, 51, 53, 54, 55, 58, 59, 60, 61, 62, 63, 64, 65, 66, 67, 68, 69, 70, 71, 72, 74, 75, 76, 77, 78, 80, 81, 82, 83, 84, 85, 86, 88, 89, 90, 91, 93, 94, 95, 97, 98, 99, 100, 101, 102, 103, 104, 105, 106, 107, 108, 110, 111, 112, 113, 114, 115, 116, 117, 118, 119, 120, 121, 122, 123, 124, 127, 129, 130, 131, 132, 133, 134, 135, 136, 137, 138, 139, 141]
0.87775015981