Src, Seqno, Hop, [path]		# SINK_ID=31
[6, 51, 3, [6, 13, 35, 31]]
[6, 51, 3, [6, 13, 35, 31]]
[34, 65, 1, [34, 31]]
[34, 65, 1, [34, 31]]
[11, 65, 2, [11, 37, 31]]
[11, 65, 2, [11, 37, 31]]
[25, 70, 1, [25, 31]]
[25, 70, 1, [25, 31]]
[4, 71, 3, [4, 11, 37, 31]]
[4, 71, 3, [4, 11, 37, 31]]
[28, 78, 1, [28, 31]]
[28, 78, 1, [28, 31]]
[33, 85, 1, [33, 31]]
[33, 85, 1, [33, 31]]
[32, 90, 1, [32, 31]]
[32, 90, 1, [32, 31]]
[26, 101, 2, [26, 37, 31]]
[26, 101, 2, [26, 37, 31]]
[19, 101, 2, [19, 37, 31]]
[19, 101, 2, [19, 37, 31]]
[11, 112, 2, [11, 37, 31]]
[36, 112, 2, [36, 25, 31]]
[11, 112, 2, [11, 37, 31]]
[36, 112, 2, [36, 25, 31]]
[26, 116, 2, [26, 37, 31]]
[26, 116, 2, [26, 37, 31]]
[11, 129, 2, [11, 37, 31]]
[11, 129, 2, [11, 37, 31]]
