test	all_dups	dups_same_path	dups_diff_path
Ctp-1	14	14	14

nodeid	dup_count
4	0.0714
6	0.0714
11	0.2857
13	0.0714
19	0.0714
25	0.1429
26	0.1429
28	0.0714
32	0.0714
33	0.0714
34	0.0714
35	0.0714
36	0.0714
37	0.5000

hop	node_count	nodeids
1	9	[24, 25, 27, 28, 32, 33, 34, 35, 37]
2	9	[5, 11, 13, 17, 19, 26, 30, 34, 36]
3	10	[2, 4, 6, 12, 14, 17, 18, 19, 20, 22]
4	9	[1, 3, 4, 6, 7, 8, 10, 12, 15]

nodeid	fwd_count	percent
1	135	0.0131
2	133	0.0129
3	133	0.0129
4	136	0.0132
5	1537	0.1490
6	134	0.0130
7	131	0.0127
8	131	0.0127
10	133	0.0129
11	230	0.0223
12	134	0.0130
13	382	0.0370
14	848	0.0822
15	126	0.0122
17	274	0.0266
18	283	0.0274
19	137	0.0133
20	137	0.0133
22	136	0.0132
24	139	0.0135
25	468	0.0454
26	134	0.0130
27	472	0.0458
28	138	0.0134
30	269	0.0261
32	142	0.0138
33	139	0.0135
34	137	0.0133
35	2059	0.1997
36	328	0.0318
37	597	0.0579

nodeid	dup_fwd_ratio	fwd_count	dup_count
1	0	0	135
2	0	0	133
3	0	0	133
4	0.0147	2	136
5	0	0	1537
6	0.0149	2	134
7	0	0	131
8	0	0	131
10	0	0	133
11	0.0348	8	230
12	0	0	134
13	0.0052	2	382
14	0	0	848
15	0	0	126
17	0	0	274
18	0	0	283
19	0.0146	2	137
20	0	0	137
22	0	0	136
24	0	0	139
25	0.0085	4	468
26	0.0299	4	134
27	0	0	472
28	0.0145	2	138
30	0	0	269
32	0.0141	2	142
33	0.0144	2	139
34	0.0146	2	137
35	0.0010	2	2059
36	0.0061	2	328
37	0.0235	14	597

