Round: 1
-4.4408920985e-16 0.0527088525451 0.0854691440617 0.0970630453621 0.154245145145 0.163430332898 0.172246633341 0.195276808389 0.200642308741 0.237499996039 0.250148778815 0.263848404593 0.283251643338 0.305509464795 0.340807168919 0.394005479532 0.421655087611 0.429617344278 0.469444887356 0.53188046326 0.53908314218 0.553669893474 0.597349132346 0.607789119623 0.617749045399 0.642039559793 0.653913302522 0.709394090861 0.73031428775 0.833428829393 1.0 1.0 1.0 1.0 1.0 1.0 1.0 1.0 1.0 1.0 1.0 1.0 1.0 1.0 1.0 1.0 1.0 1.0 1.0 1.0 1.0 1.0 1.0 1.0 1.0 1.0 1.0 1.0 1.0 1.0 1.0 1.0 1.0 1.20202724579 1.27119618643 1.29575499435 1.33332364337 1.36459369199 1.38284687017 1.40000143022 1.43668062081 1.44342312946 1.45711566187 1.47440524245 1.53010516593 1.54004791626 1.57120374703 1.59303701296 1.66648974603 1.70264582545 1.71891072462 1.74182598996 1.75441129829 1.76879790255 1.78830154017 1.79784790023 1.83166316316 1.83970292492 1.84448489839 1.89514927257 1.90337281421 1.94315454787 1.97399750014 

Round: 2
-2.06833344137e-16 0.0243088611805 0.084331363855 0.146703797179 0.161193924046 0.186126925939 0.23249187035 0.264319516188 0.279789946815 0.291490041708 0.292893218813 0.292893218813 0.325833259579 0.371490407707 0.449762135336 0.517808224541 0.628231469707 0.655993387562 0.756472308047 0.789675803773 1.0 1.0 1.0 1.0 1.0 1.0 1.0 1.0 1.0 1.0 1.0 1.0 1.0 1.0 1.0 1.0 1.0 1.0 1.0 1.0 1.0 1.0 1.0 1.0 1.0 1.0 1.0 1.0 1.0 1.0 1.0 1.0 1.0 1.0 1.0 1.0 1.0 1.0 1.0 1.0 1.0 1.0 1.0 1.0 1.0 1.0 1.0 1.0 1.0 1.0 1.0 1.0 1.0 1.2102019367 1.27467899293 1.35203722139 1.37232945236 1.45760508023 1.54751626706 1.63171784336 1.67409430121 1.70710678119 1.70710678119 1.70886477544 1.7159839526 1.73962153543 1.7776898649 1.81405957391 1.84002175435 1.85297231653 1.90684390728 1.97328251747 1.98445546333 

Round: 3
-2.82195511701e-16 0.0371922186107 0.0649390528643 0.0753816634121 0.0922256761827 0.129212204582 0.136690057099 0.172315073541 0.188567321538 0.215170775581 0.226827535032 0.259396479552 0.260966015111 0.354563975201 0.386492881613 0.402253152276 0.43100261901 0.474368101936 0.481799810179 0.51440141396 0.591912314579 0.628054217185 0.696149881959 0.840134454451 1.0 1.0 1.0 1.0 1.0 1.0 1.0 1.0 1.0 1.0 1.0 1.0 1.0 1.0 1.0 1.0 1.0 1.0 1.0 1.0 1.0 1.0 1.0 1.0 1.0 1.0 1.0 1.0 1.0 1.0 1.0 1.0 1.0 1.0 1.0 1.0 1.0 1.0 1.0 1.0 1.0 1.0 1.0 1.0 1.0 1.1598708258 1.32688887895 1.4025497951 1.41894814076 1.4710893713 1.51660330233 1.53107773365 1.56898377296 1.59420881164 1.61417941357 1.64604932578 1.73984035168 1.74179980155 1.76526974847 1.7855349242 1.81349008012 1.83091286702 1.86028582812 1.87050667864 1.90011243764 1.91288173289 1.92507267812 1.9628531554 1.98097344887 

Round: 4
-2.63677968348e-16 0.0439255438669 0.0747663493428 0.107772930766 0.121404454031 0.124935778905 0.141655258952 0.186007135766 0.19432238517 0.211782597967 0.2466226216 0.275057432332 0.292893218813 0.311248833038 0.330315170786 0.380027669786 0.396550480685 0.423945458914 0.471727483889 0.513638473 0.535319106626 0.622212330925 0.688365543778 0.718284650501 1.0 1.0 1.0 1.0 1.0 1.0 1.0 1.0 1.0 1.0 1.0 1.0 1.0 1.0 1.0 1.0 1.0 1.0 1.0 1.0 1.0 1.0 1.0 1.0 1.0 1.0 1.0 1.0 1.0 1.0 1.0 1.0 1.0 1.0 1.0 1.0 1.0 1.0 1.0 1.0 1.0 1.0 1.0 1.0 1.0 1.28074567768 1.30733019859 1.40807357441 1.4742729932 1.50388767937 1.5111114024 1.57357590469 1.60340019414 1.61849185769 1.66562913073 1.68907981632 1.70710678119 1.72806782472 1.75519184085 1.77525084294 1.81105630916 1.81729156146 1.85587510322 1.87164728311 1.88309321534 1.89169520559 1.92556047143 1.95762470403 1.9721595183 

Round: 5
3.46944695195e-18 0.0379309257865 0.0607776509172 0.0768800050875 0.0964883990396 0.111964921975 0.133974596216 0.143691332152 0.16657440928 0.187942861139 0.198126431985 0.253102225004 0.272172563587 0.292893218813 0.292893218813 0.320443755807 0.342710237607 0.407652117192 0.42264973081 0.447082773054 0.450182575063 0.473285261534 0.494649924811 0.55735929894 0.598244475393 0.62926691203 0.712200876626 0.87053270716 0.887779518879 1.0 1.0 1.0 1.0 1.0 1.0 1.0 1.0 1.0 1.0 1.0 1.0 1.0 1.0 1.0 1.0 1.0 1.0 1.0 1.0 1.0 1.0 1.0 1.0 1.0 1.0 1.0 1.0 1.0 1.0 1.0 1.0 1.0 1.0 1.0 1.12892719448 1.14583918923 1.30442762525 1.37229093168 1.40983167814 1.45069915933 1.50485663364 1.52653609666 1.55227335596 1.55318789114 1.57735026919 1.59609748204 1.6572751722 1.67890318328 1.70710678119 1.70710678119 1.71510893582 1.73592586385 1.77229246776 1.80932642699 1.83333335452 1.85415900506 1.86602540378 1.88700249904 1.90263854021 1.9237233881 1.9380780219 1.96300084069 1.98722290298 

Round: 6
-8.32667268469e-17 0.0410371721533 0.0788720476565 0.108153803412 0.113044257809 0.142171964761 0.176015828508 0.201418477875 0.224687616288 0.237265115496 0.252739013098 0.276872507984 0.292893218813 0.292893218813 0.340106322216 0.362247430321 0.38896891946 0.41075633721 0.43676152668 0.443238895442 0.469930307348 0.519179890807 0.546540316438 0.554492789892 0.646653833399 0.66546585847 0.715965527192 0.72754979238 0.772011409711 0.861068983894 1.0 1.0 1.0 1.0 1.0 1.0 1.0 1.0 1.0 1.0 1.0 1.0 1.0 1.0 1.0 1.0 1.0 1.0 1.0 1.0 1.0 1.0 1.0 1.0 1.0 1.0 1.0 1.0 1.0 1.0 1.0 1.0 1.0 1.14340404089 1.22699077972 1.27230545667 1.32414730484 1.33899282379 1.35334376723 1.44755781383 1.45209240709 1.47961408836 1.5284611526 1.56097513157 1.56384639281 1.58940212488 1.62506618663 1.6376942935 1.66012618984 1.70710678119 1.70710678119 1.7264070642 1.74628893902 1.74743478192 1.76436682513 1.79903238951 1.81223018749 1.84801990839 1.88275628639 1.89068022526 1.92425970612 1.95963910971 1.98164867671 

Round: 7
-2.9216783647e-16 0.0563221466851 0.0838474848167 0.102745585571 0.121377208628 0.166311225813 0.184430711255 0.195217816944 0.2340848356 0.237727540577 0.260872573437 0.265763574619 0.285880473217 0.314400265248 0.366620950967 0.392582249799 0.450383740441 0.496564738978 0.511551642244 0.54272034052 0.569170548231 0.608294408245 0.621182311173 0.738068688059 0.778121203448 0.80874857017 0.86828877452 1.0 1.0 1.0 1.0 1.0 1.0 1.0 1.0 1.0 1.0 1.0 1.0 1.0 1.0 1.0 1.0 1.0 1.0 1.0 1.0 1.0 1.0 1.0 1.0 1.0 1.0 1.0 1.0 1.0 1.0 1.0 1.0 1.0 1.0 1.0 1.0 1.0 1.0 1.0 1.13300814966 1.19138657025 1.23328570376 1.30229731555 1.37879398224 1.39163546596 1.42773443274 1.45525013753 1.48267187854 1.49649961405 1.54120057484 1.60752806588 1.63422968956 1.68230506188 1.71398809668 1.73430886774 1.73903555949 1.7622721257 1.76915374269 1.80271696017 1.81336815629 1.83076030476 1.87624292786 1.88790021026 1.91920997607 1.94110016461 1.99083665603 

Round: 8
-2.22044604925e-16 0.0561595961799 0.0735386312223 0.0925721499708 0.112943740202 0.131705873082 0.151818671766 0.176871426292 0.226934451867 0.241123229226 0.264526575446 0.29046327467 0.292893218813 0.292893218813 0.315612473884 0.342265686406 0.37423350095 0.395922243943 0.438268214426 0.46098552404 0.490920195068 0.516430590655 0.559366600295 0.591347901699 0.603775100926 0.643639311615 0.6483368356 0.692360455326 0.716428452936 0.734850807803 0.890550424857 1.0 1.0 1.0 1.0 1.0 1.0 1.0 1.0 1.0 1.0 1.0 1.0 1.0 1.0 1.0 1.0 1.0 1.0 1.0 1.0 1.0 1.0 1.0 1.0 1.0 1.0 1.0 1.0 1.0 1.0 1.0 1.10813994444 1.27208104077 1.2920980826 1.31295006975 1.33535434719 1.36478624909 1.39733937975 1.39907757963 1.45512251743 1.4777985338 1.5094147424 1.5359059761 1.56423709435 1.59955361159 1.61377062646 1.64339487114 1.68214035806 1.70710678119 1.70710678119 1.71620022006 1.73882787126 1.76834470794 1.78033186574 1.82312574171 1.84920913697 1.86627166502 1.89177695917 1.90556178249 1.93592981105 1.9506107225 1.97669255118 

Round: 9
1.11022302463e-16 0.0334472332802 0.0842062226719 0.0951558967669 0.135006675687 0.14336791477 0.149783211779 0.171656537864 0.226334695839 0.238954114709 0.257420768214 0.261355909095 0.28642151261 0.292893218813 0.303992428349 0.324860470621 0.354238048963 0.396401339448 0.450044309537 0.458250455308 0.479421780519 0.504037906443 0.536697431299 0.567449832876 0.581451811987 0.604708336935 0.623119979715 0.637498803308 0.650682247263 0.682014530001 0.711733247347 0.752620070955 1.0 1.0 1.0 1.0 1.0 1.0 1.0 1.0 1.0 1.0 1.0 1.0 1.0 1.0 1.0 1.0 1.0 1.0 1.0 1.0 1.0 1.0 1.0 1.0 1.0 1.0 1.0 1.0 1.0 1.25723126552 1.28703104896 1.31786805099 1.35017736444 1.35890501046 1.37573253222 1.39978789001 1.41811681158 1.42228416733 1.45828358727 1.49376718125 1.52346762322 1.53630057552 1.54720545098 1.59914523025 1.65120249321 1.68164935509 1.68699142353 1.70710678119 1.73442854713 1.74318285487 1.74798430654 1.77684894467 1.78740972829 1.82644972786 1.85028012892 1.86070029582 1.86589632936 1.87805377529 1.91623637822 1.96048694377 1.98456125327 

Round: 10
-6.39518769023e-16 0.0430413290707 0.0948203368701 0.137519173493 0.162947122074 0.178621162706 0.192943791972 0.219110559694 0.224726005264 0.250966577005 0.275078312591 0.292893218813 0.296607812759 0.307091833955 0.35002418183 0.382741893712 0.406680060869 0.42544256779 0.466152486876 0.476171266659 0.519532103301 0.520228292852 0.586060597727 0.623081860174 0.65282489712 0.740081549509 0.849746081625 1.0 1.0 1.0 1.0 1.0 1.0 1.0 1.0 1.0 1.0 1.0 1.0 1.0 1.0 1.0 1.0 1.0 1.0 1.0 1.0 1.0 1.0 1.0 1.0 1.0 1.0 1.0 1.0 1.0 1.0 1.0 1.0 1.0 1.0 1.0 1.0 1.0 1.0 1.0 1.15046248714 1.25995321996 1.35222280008 1.38099841984 1.40894587674 1.473192527 1.48022482806 1.52115852929 1.53377014681 1.57803438474 1.5938357809 1.62154931258 1.6510916343 1.69618081523 1.70369785169 1.70710678119 1.73697389251 1.74916229803 1.77239529386 1.78016624807 1.80640083737 1.82302480581 1.8359442487 1.86320417515 1.91064237415 1.95118931129 1.98333604321 

Round: 11
-4.16333634234e-17 0.0283441341908 0.071750754616 0.0800054981488 0.116845197946 0.129996726481 0.136061722945 0.172720258037 0.183503419072 0.231775916022 0.245875020212 0.268488250528 0.292893218813 0.321683306268 0.338644063581 0.400790846296 0.409631312137 0.447396771268 0.459594205635 0.468748593104 0.482373311425 0.529854888974 0.553999828817 0.595712061842 0.648678973891 0.681009530726 0.72377272219 0.792880321078 0.879041890441 1.0 1.0 1.0 1.0 1.0 1.0 1.0 1.0 1.0 1.0 1.0 1.0 1.0 1.0 1.0 1.0 1.0 1.0 1.0 1.0 1.0 1.0 1.0 1.0 1.0 1.0 1.0 1.0 1.0 1.0 1.0 1.0 1.0 1.0 1.0 1.16724442524 1.17854086744 1.27243195334 1.32626183462 1.39327317678 1.40579583802 1.42703554772 1.47025045909 1.52883111371 1.53092583459 1.54049333121 1.56070277597 1.589463417 1.59782424241 1.65026307447 1.67624239526 1.70710678119 1.72171984703 1.76253741542 1.78991875412 1.81649658093 1.82796186721 1.86890055423 1.87438628803 1.88333442443 1.89154548189 1.92710829272 1.93774312123 1.98358756001 

Round: 12
-2.1453038406e-16 0.0351951384792 0.0747611242272 0.0884384744539 0.121524165612 0.176916314977 0.197557298889 0.219441574254 0.234953397831 0.260196240558 0.26821454847 0.29441065393 0.304966643454 0.324727305753 0.380880506309 0.401929597822 0.415401774225 0.428293933881 0.469984408134 0.490270189269 0.5 0.508911876215 0.533194066639 0.544977169464 0.578490746221 0.631780082102 0.643331443456 0.674138758766 0.71793124203 0.764977105688 1.0 1.0 1.0 1.0 1.0 1.0 1.0 1.0 1.0 1.0 1.0 1.0 1.0 1.0 1.0 1.0 1.0 1.0 1.0 1.0 1.0 1.0 1.0 1.0 1.0 1.0 1.0 1.0 1.0 1.0 1.0 1.0 1.0 1.24630555985 1.2999264711 1.34333294048 1.3498877509 1.3569512018 1.3848494393 1.45607866721 1.47625721459 1.48857331469 1.5 1.52142070049 1.53074263106 1.558869852 1.59799422977 1.61732761228 1.64079565413 1.68095183933 1.69274014548 1.71819084291 1.73232369105 1.74338554186 1.76314963365 1.77634466461 1.79992886306 1.82195375408 1.86785063365 1.89686750851 1.91250151992 1.95346979487 1.98523254625 

Round: 13
2.08166817117e-17 0.0440492396646 0.0606221648789 0.0809416739901 0.115381444216 0.131929117561 0.137729462134 0.167867538558 0.189735684426 0.230806095075 0.23867430116 0.252349034374 0.272874085052 0.282655916615 0.292893218813 0.31322927329 0.400171512506 0.464128328758 0.500379276718 0.517823499384 0.547625871814 0.588898347865 0.627704817163 0.67335349362 0.705646472698 0.803362585906 0.907641899713 1.0 1.0 1.0 1.0 1.0 1.0 1.0 1.0 1.0 1.0 1.0 1.0 1.0 1.0 1.0 1.0 1.0 1.0 1.0 1.0 1.0 1.0 1.0 1.0 1.0 1.0 1.0 1.0 1.0 1.0 1.0 1.0 1.0 1.0 1.0 1.0 1.0 1.0 1.0 1.11353287302 1.19648592991 1.2986616484 1.32760883736 1.38190398459 1.41098844294 1.43790486098 1.47989596359 1.49956601093 1.53389391494 1.60002127833 1.68707244947 1.70710678119 1.71604239427 1.72759786272 1.75675426655 1.76144750687 1.77648060503 1.80976327834 1.8283523305 1.85682415658 1.8656690629 1.88168737609 1.91437034508 1.93909985529 1.95607507159 1.98671855659 

Round: 14
-6.93889390391e-17 0.0681255315417 0.10753144182 0.123145809783 0.153194393162 0.16098379069 0.174469739219 0.184148238099 0.228578944511 0.253316798953 0.259066218575 0.28890700231 0.317319792008 0.33035099194 0.370865847347 0.384499604963 0.444476699689 0.504737399762 0.523254251767 0.57630354513 0.596335749684 0.604796400356 0.661850372079 0.721801951782 0.763440036444 0.791512408693 0.885566675493 1.0 1.0 1.0 1.0 1.0 1.0 1.0 1.0 1.0 1.0 1.0 1.0 1.0 1.0 1.0 1.0 1.0 1.0 1.0 1.0 1.0 1.0 1.0 1.0 1.0 1.0 1.0 1.0 1.0 1.0 1.0 1.0 1.0 1.0 1.0 1.0 1.0 1.0 1.11050754681 1.16930617825 1.20874131671 1.2383766739 1.2519182606 1.32526257785 1.39428686159 1.40575968398 1.43067304577 1.48354127766 1.51020614748 1.56091322047 1.58838742493 1.61827260268 1.6887755595 1.70523975129 1.71408649075 1.73498381259 1.74268158272 1.75806397451 1.77229441995 1.82085249572 1.82977868137 1.84588410758 1.86364561361 1.88719141735 1.90442849146 1.95736114713 

Round: 15
-1.11022302463e-16 0.0554139416817 0.0906030885318 0.123671507881 0.130690766064 0.154321592365 0.166949571503 0.21325167999 0.228101093895 0.247655178916 0.261000932198 0.292893218813 0.293073392589 0.318674997641 0.334692388151 0.372490764797 0.381732732797 0.449746843114 0.461175571729 0.488720673017 0.516044071679 0.568018602987 0.594118424005 0.649683858252 0.685508646549 0.69954462977 0.713402716623 0.741671154593 0.81446865532 1.0 1.0 1.0 1.0 1.0 1.0 1.0 1.0 1.0 1.0 1.0 1.0 1.0 1.0 1.0 1.0 1.0 1.0 1.0 1.0 1.0 1.0 1.0 1.0 1.0 1.0 1.0 1.0 1.0 1.0 1.0 1.0 1.0 1.0 1.0 1.20743381595 1.24547597122 1.2899444732 1.30469368649 1.33014392887 1.35539644975 1.40352906184 1.43507166375 1.47210339938 1.50112358268 1.55136577115 1.59618963529 1.61418428816 1.62534184467 1.63040127272 1.70610642691 1.70710678119 1.71577335323 1.74891701675 1.75780079839 1.77749787666 1.7876729902 1.8264408135 1.84143317485 1.86144978829 1.88850972249 1.90688989075 1.92393321197 1.94074861426 

Round: 16
-1.2490009027e-16 0.0590488524851 0.0833971944017 0.116285004847 0.125328703415 0.149340496897 0.201639547965 0.218042561543 0.245942120306 0.250763087804 0.271356823576 0.324118363226 0.331228011269 0.339693702338 0.396450641148 0.431340577352 0.445838120922 0.508147421496 0.517592236321 0.55553255941 0.614161710934 0.699686490404 0.723656417132 0.756336877657 0.839231850699 0.924148390534 1.0 1.0 1.0 1.0 1.0 1.0 1.0 1.0 1.0 1.0 1.0 1.0 1.0 1.0 1.0 1.0 1.0 1.0 1.0 1.0 1.0 1.0 1.0 1.0 1.0 1.0 1.0 1.0 1.0 1.0 1.0 1.0 1.0 1.0 1.0 1.0 1.0 1.0 1.0 1.0 1.0 1.09695988685 1.13771219595 1.24346117263 1.27730151853 1.29856658807 1.38552941187 1.46832229262 1.47865978468 1.49401557916 1.56973789199 1.57643733246 1.59912088681 1.64576651112 1.66590579673 1.67725150047 1.72955785679 1.74336865003 1.75527170557 1.79303901024 1.79835769479 1.85154910421 1.87327237403 1.88431535022 1.90796287149 1.94617082654 1.97407844205 

Round: 17
-2.22044604925e-16 0.056223794461 0.0739860737311 0.0866550388244 0.105550032492 0.126496814346 0.14379736328 0.223543178832 0.234315252976 0.246188040154 0.269636319781 0.292893218813 0.305036018535 0.337033569439 0.389183886636 0.438035354076 0.443027696173 0.448523563097 0.485092604717 0.518756538789 0.551645670115 0.570527386998 0.619088290177 0.674979547088 0.713907734425 0.756223774573 0.835562998232 0.937503628272 1.0 1.0 1.0 1.0 1.0 1.0 1.0 1.0 1.0 1.0 1.0 1.0 1.0 1.0 1.0 1.0 1.0 1.0 1.0 1.0 1.0 1.0 1.0 1.0 1.0 1.0 1.0 1.0 1.0 1.0 1.0 1.0 1.0 1.0 1.0 1.0 1.0 1.08040433149 1.1665328997 1.26230813215 1.29871664387 1.32579452132 1.38022735125 1.43488994613 1.44712612425 1.48791384414 1.51221171562 1.54974005794 1.5576288516 1.57293606428 1.57721128341 1.65210729605 1.69498109199 1.70710678119 1.72581422234 1.7534828528 1.77074221417 1.77536706124 1.842044908 1.87416856951 1.89433732471 1.91482126616 1.92555707933 1.94369517815 1.98871899817 

Round: 18
1.86238828179e-16 0.0584733144992 0.091106310104 0.118265804596 0.137674273153 0.148086675129 0.168131524513 0.183503419072 0.20868473552 0.23046812845 0.259923022689 0.292893218813 0.292893218813 0.292893218813 0.335285259104 0.386647732116 0.42306730301 0.456538513805 0.482106725976 0.545369868057 0.580372160749 0.608268624938 0.64434738039 0.687106299425 0.738520774282 0.831810713129 1.0 1.0 1.0 1.0 1.0 1.0 1.0 1.0 1.0 1.0 1.0 1.0 1.0 1.0 1.0 1.0 1.0 1.0 1.0 1.0 1.0 1.0 1.0 1.0 1.0 1.0 1.0 1.0 1.0 1.0 1.0 1.0 1.0 1.0 1.0 1.0 1.0 1.0 1.0 1.0 1.0 1.16785541695 1.26912385541 1.29730080201 1.35443076768 1.39429557766 1.42048355573 1.45516359803 1.5147429208 1.53952262826 1.57081697914 1.61719876534 1.68141437645 1.70710678119 1.70710678119 1.70710678119 1.74077927487 1.77098234406 1.79127272431 1.81649658093 1.83114108829 1.85512053491 1.8622908935 1.88259217524 1.91080816181 1.95294177563 1.97946664025 

Round: 19
-5.55111512313e-17 0.0615382065921 0.110670321101 0.1403342101 0.171246924082 0.208968698809 0.241818503161 0.253833714272 0.264143590113 0.289657621476 0.319224461151 0.354733839997 0.366025644654 0.376157631975 0.412063588414 0.447141433351 0.452164201628 0.496263965158 0.531938472582 0.599202660974 0.607201908289 0.615183623118 0.656464976234 0.669623617611 0.777100286911 0.789630529903 0.827566289974 1.0 1.0 1.0 1.0 1.0 1.0 1.0 1.0 1.0 1.0 1.0 1.0 1.0 1.0 1.0 1.0 1.0 1.0 1.0 1.0 1.0 1.0 1.0 1.0 1.0 1.0 1.0 1.0 1.0 1.0 1.0 1.0 1.0 1.0 1.0 1.0 1.0 1.0 1.0 1.17462560398 1.22226955862 1.30610502889 1.34027991569 1.35132676519 1.37671527576 1.39470228972 1.41024079395 1.47062872682 1.50728084503 1.54964188371 1.55110091098 1.58797663375 1.6246546047 1.63472335849 1.64688955642 1.67507329961 1.68388810366 1.73011003995 1.74911409817 1.75016055641 1.76406083112 1.82769552433 1.85080236876 1.87725053679 1.9210463655 1.98173760237 

Round: 20
-2.77555756156e-17 0.0660292119952 0.0749770028698 0.10068042921 0.133662754608 0.146871395887 0.167367408937 0.202506459582 0.222119474894 0.226492666498 0.250180075397 0.269695962867 0.320179518105 0.365020669284 0.406006397014 0.42421053683 0.478670673087 0.5 0.505772581536 0.532705811869 0.571961079711 0.604509625494 0.654220466575 0.688169300227 0.75719987082 0.796686608282 0.825401043408 1.0 1.0 1.0 1.0 1.0 1.0 1.0 1.0 1.0 1.0 1.0 1.0 1.0 1.0 1.0 1.0 1.0 1.0 1.0 1.0 1.0 1.0 1.0 1.0 1.0 1.0 1.0 1.0 1.0 1.0 1.0 1.0 1.0 1.0 1.0 1.0 1.0 1.0 1.0 1.13051029488 1.2038317242 1.24510312151 1.29136242546 1.3924642507 1.40898250446 1.44727864289 1.46383959207 1.5 1.50187441918 1.51346799308 1.58757897291 1.5925101287 1.63376191616 1.68630054105 1.73117458216 1.75785249328 1.77161002824 1.78623960679 1.79823954599 1.8250322659 1.84570034824 1.86546497577 1.89940275769 1.92325452096 1.92915542792 1.97670989482 

Round: 21
5.82649800711e-16 0.0447704794404 0.0631500314647 0.0909759902912 0.119284913086 0.143903235598 0.159373439154 0.182374439527 0.210948721369 0.252024470653 0.292893218813 0.292893218813 0.302519806541 0.322119597633 0.341891251587 0.354754144795 0.402364219031 0.448382925872 0.465909244425 0.556235014617 0.60058371471 0.65021319874 0.688630685453 0.718271363228 0.792345878604 0.837315703846 1.0 1.0 1.0 1.0 1.0 1.0 1.0 1.0 1.0 1.0 1.0 1.0 1.0 1.0 1.0 1.0 1.0 1.0 1.0 1.0 1.0 1.0 1.0 1.0 1.0 1.0 1.0 1.0 1.0 1.0 1.0 1.0 1.0 1.0 1.0 1.0 1.0 1.0 1.0 1.0 1.0 1.13000493528 1.27775458944 1.28217500352 1.31196879008 1.35083752339 1.40188427871 1.44732281244 1.53465368291 1.55159165654 1.5978264916 1.63506054311 1.65326325298 1.67801085402 1.69692763535 1.70710678119 1.70710678119 1.74884752242 1.79497397394 1.81379851455 1.8233875746 1.8482181858 1.88321545718 1.91024955242 1.93975809037 1.95007481541 1.98985179427 

Round: 22
-6.77005589934e-16 0.0448923328692 0.0853365700071 0.110771170635 0.154121370367 0.195145102534 0.199007154552 0.201214454174 0.240983136865 0.337850277577 0.361193401283 0.373197188729 0.389213157628 0.444052195485 0.481288861382 0.513030536008 0.535101049596 0.540244679336 0.570597653112 0.630232171773 0.667755064166 0.705736459504 0.827804399335 0.84791965609 1.0 1.0 1.0 1.0 1.0 1.0 1.0 1.0 1.0 1.0 1.0 1.0 1.0 1.0 1.0 1.0 1.0 1.0 1.0 1.0 1.0 1.0 1.0 1.0 1.0 1.0 1.0 1.0 1.0 1.0 1.0 1.0 1.0 1.0 1.0 1.0 1.0 1.0 1.0 1.0 1.0 1.0 1.0 1.0 1.0 1.15026062317 1.16504706743 1.29606654965 1.33229554304 1.36828702523 1.424334685 1.46013833687 1.4650187304 1.48402390351 1.51042228108 1.55572614664 1.60825437356 1.62760641939 1.66121541203 1.68829177142 1.75792063498 1.76404708283 1.80033466429 1.83031174841 1.85412360814 1.89696239034 1.9145881255 1.94344673533 1.98458809877 

Round: 23
-2.77555756156e-17 0.0739683311365 0.118264826072 0.136939162477 0.182995831843 0.185979348645 0.218995745811 0.242793357042 0.245567171141 0.292893218813 0.294709357344 0.302020224176 0.321491911327 0.385659158505 0.40279352779 0.423477762909 0.432185075368 0.48717784377 0.505213052828 0.541302474089 0.597395330507 0.605793704648 0.626973915167 0.678907403665 0.753819816824 0.815935263557 0.852691086755 0.884271326648 1.0 1.0 1.0 1.0 1.0 1.0 1.0 1.0 1.0 1.0 1.0 1.0 1.0 1.0 1.0 1.0 1.0 1.0 1.0 1.0 1.0 1.0 1.0 1.0 1.0 1.0 1.0 1.0 1.0 1.0 1.0 1.0 1.0 1.0 1.0 1.0 1.0 1.11409010315 1.15903488253 1.18005132703 1.27346185583 1.32129768695 1.37526558225 1.39475577523 1.41054674986 1.45753575203 1.49442897062 1.50416606904 1.56347400223 1.57909626346 1.59726494503 1.61071226453 1.6622732091 1.69067418906 1.70710678119 1.71618820217 1.75160747576 1.76815195829 1.78543086849 1.81300682851 1.84777609203 1.85694845046 1.87146462486 1.91275861103 1.97121525043 

Round: 24
-1.49186218934e-16 0.0572229455275 0.102963250518 0.121622792142 0.125241395635 0.138715227746 0.179965277172 0.190793195852 0.202882755961 0.228462621866 0.281279537312 0.300490052815 0.34658914774 0.370588655839 0.412748228507 0.444988041351 0.493844510376 0.54149319639 0.555807694678 0.597871470119 0.617079720002 0.64052072121 0.675764253057 0.70683411468 0.719439686099 0.829886357753 0.895651862713 0.906401962123 1.0 1.0 1.0 1.0 1.0 1.0 1.0 1.0 1.0 1.0 1.0 1.0 1.0 1.0 1.0 1.0 1.0 1.0 1.0 1.0 1.0 1.0 1.0 1.0 1.0 1.0 1.0 1.0 1.0 1.0 1.0 1.0 1.0 1.0 1.0 1.0 1.0 1.08840291741 1.10394739565 1.19573511998 1.27715097447 1.2921666281 1.33398277373 1.36246519724 1.39375595369 1.43825868893 1.4424628476 1.47267671489 1.53274190827 1.55641117501 1.59549881752 1.63292575619 1.65385984642 1.70436538586 1.70576446934 1.77385445295 1.78777449775 1.80598158746 1.81273437382 1.83892200579 1.86760516212 1.87480095646 1.88852018303 1.91874725619 1.96333827894 

Round: 25
-2.86881231154e-17 0.0619405310215 0.0954013974732 0.110609714203 0.128595939686 0.139294984249 0.161818785545 0.168821984876 0.19444376714 0.229699826764 0.281271115934 0.324519595529 0.353085784822 0.387629172762 0.408757238334 0.415102570784 0.428362686316 0.433841972888 0.462118104551 0.475659550966 0.518142569558 0.523069593248 0.54069672461 0.613024394537 0.650297657612 0.684649380294 0.703057530772 0.724929605587 0.739517413365 0.8407506163 0.923704072413 1.0 1.0 1.0 1.0 1.0 1.0 1.0 1.0 1.0 1.0 1.0 1.0 1.0 1.0 1.0 1.0 1.0 1.0 1.0 1.0 1.0 1.0 1.0 1.0 1.0 1.0 1.0 1.0 1.0 1.0 1.0 1.10153924221 1.14835717451 1.24161512361 1.27732705187 1.29486879125 1.33855399096 1.3703555686 1.39379655415 1.44188681848 1.45468930863 1.4760879677 1.51386940294 1.55950361692 1.57796847404 1.57858319575 1.59985487712 1.62486384644 1.62863064724 1.64486302569 1.70833706649 1.7384504163 1.74580793034 1.79318048633 1.80218929237 1.8195955644 1.83975575522 1.87558937518 1.89476353761 1.89675596425 1.93014543994 1.96540021129 

Round: 26
6.24500451352e-17 0.0569653092032 0.13920050521 0.170718773596 0.189303343431 0.199906365034 0.203628494807 0.221647865162 0.246603687534 0.264555610795 0.288297278126 0.294690589633 0.311280968412 0.357520467805 0.383597519684 0.437378839307 0.455172328612 0.484126952385 0.493200629338 0.522159183623 0.544828642005 0.576174837003 0.628122936744 0.648267336698 0.678536118506 0.693718159053 0.734585271924 0.735714835552 0.849842883392 0.890220329918 1.0 1.0 1.0 1.0 1.0 1.0 1.0 1.0 1.0 1.0 1.0 1.0 1.0 1.0 1.0 1.0 1.0 1.0 1.0 1.0 1.0 1.0 1.0 1.0 1.0 1.0 1.0 1.0 1.0 1.0 1.0 1.0 1.0 1.10967430996 1.15023040862 1.26743391469 1.26875292292 1.28941647682 1.32552419875 1.35635872137 1.36913432984 1.41782810875 1.44341538848 1.47230237331 1.47921345164 1.52927036041 1.58968714053 1.60153534805 1.63449708999 1.65858731301 1.66585937413 1.69535485317 1.70026368224 1.73100562215 1.75396902886 1.77871430245 1.79593348612 1.80282883247 1.81307545961 1.82708044203 1.87439910842 1.9197431044 1.97894478434 

Round: 27
6.24500451352e-17 0.039702346751 0.060898470821 0.0996062760051 0.133975884884 0.15523683544 0.177677805604 0.201354982403 0.210719641371 0.21701391682 0.236557057702 0.24715822104 0.292893218813 0.30581230965 0.330772079433 0.351479265811 0.377205740061 0.407738453589 0.451863636903 0.518786818116 0.543332834573 0.570156422785 0.59291775634 0.635285186276 0.655540850547 0.829608751368 0.909488364233 0.936456771027 1.0 1.0 1.0 1.0 1.0 1.0 1.0 1.0 1.0 1.0 1.0 1.0 1.0 1.0 1.0 1.0 1.0 1.0 1.0 1.0 1.0 1.0 1.0 1.0 1.0 1.0 1.0 1.0 1.0 1.0 1.0 1.0 1.0 1.0 1.0 1.0 1.0 1.0885518969 1.09605157056 1.1693670683 1.34401117926 1.37359005077 1.40251567301 1.42914372713 1.44024828829 1.48234557638 1.54827826954 1.58184021948 1.64850762873 1.65046593248 1.67077329472 1.69670146463 1.70710678119 1.75348619638 1.76315617849 1.77929554607 1.78506942475 1.80041097328 1.82663667592 1.8419926652 1.85614074339 1.89904962062 1.93535284788 1.95956020007 1.98111040821 

Round: 28
2.94493229021e-16 0.0669619131747 0.0940823415648 0.117576081316 0.123251964596 0.151202718617 0.158008914151 0.181696983672 0.193153149353 0.213459494155 0.221423877644 0.258596531391 0.273316128353 0.285163998941 0.34318505462 0.362775236349 0.373405564263 0.395930982137 0.437448110675 0.486142231476 0.567507020276 0.592335224672 0.648231848392 0.665182768311 0.750229750561 0.762646824108 0.778253878573 0.905273170778 1.0 1.0 1.0 1.0 1.0 1.0 1.0 1.0 1.0 1.0 1.0 1.0 1.0 1.0 1.0 1.0 1.0 1.0 1.0 1.0 1.0 1.0 1.0 1.0 1.0 1.0 1.0 1.0 1.0 1.0 1.0 1.0 1.0 1.0 1.0 1.0 1.0 1.0957751596 1.22521478154 1.2355533758 1.26964085626 1.33633983525 1.35225201277 1.43160338919 1.44290963562 1.51472953705 1.5681591841 1.60632937185 1.62795675889 1.64043585428 1.65430075852 1.6876696262 1.72587113037 1.73560233211 1.7785352533 1.78404062941 1.80210257991 1.81912946636 1.828360502 1.84854302854 1.8765715302 1.88284893586 1.90693865129 1.93590965734 1.98023440428 

Round: 29
5.55111512313e-17 0.0545231900617 0.0917505357715 0.102846976067 0.123105484862 0.124952867411 0.14906783731 0.152416027663 0.178453273052 0.212613814113 0.24022977421 0.254316477894 0.269192823726 0.29944851025 0.357035877039 0.383831188358 0.425641251075 0.455650703703 0.467801585043 0.477091958573 0.494889980778 0.542476394262 0.608769361174 0.622288136004 0.660295035983 0.700765799039 0.737105285496 0.851256233194 0.942074140872 1.0 1.0 1.0 1.0 1.0 1.0 1.0 1.0 1.0 1.0 1.0 1.0 1.0 1.0 1.0 1.0 1.0 1.0 1.0 1.0 1.0 1.0 1.0 1.0 1.0 1.0 1.0 1.0 1.0 1.0 1.0 1.0 1.0 1.0 1.0 1.06782978462 1.15372751057 1.26318701373 1.31403696046 1.33452211473 1.37513992624 1.39314396849 1.45784950683 1.50554286785 1.5239906887 1.5355576747 1.5502700672 1.56810600389 1.61421413522 1.64365039966 1.69766288306 1.72686960619 1.74259671439 1.75933106792 1.78649627381 1.82064576075 1.84752742417 1.85095703189 1.87162276664 1.87613356435 1.90163042769 1.90912746627 1.95120400208 1.97753586491 

Round: 30
1.38777878078e-17 0.0646967938252 0.0843080849618 0.13744403173 0.157353013303 0.171231824207 0.195815970256 0.214979672973 0.225954607184 0.243768389634 0.274902784227 0.314669524914 0.339941412827 0.371071849162 0.400236156445 0.423344466181 0.492418278839 0.517007618632 0.54894742279 0.607385958491 0.632410781947 0.663788227113 0.733096618365 0.743418482734 0.812338032713 0.906168647236 0.924624364863 1.0 1.0 1.0 1.0 1.0 1.0 1.0 1.0 1.0 1.0 1.0 1.0 1.0 1.0 1.0 1.0 1.0 1.0 1.0 1.0 1.0 1.0 1.0 1.0 1.0 1.0 1.0 1.0 1.0 1.0 1.0 1.0 1.0 1.0 1.0 1.0 1.0 1.0 1.0 1.07653380874 1.15978770076 1.18608833655 1.26082692601 1.26424942633 1.33377704421 1.37451344096 1.41041108208 1.44290650922 1.49871670877 1.53673380862 1.58215651058 1.61180433568 1.64216729169 1.65165001248 1.68648356864 1.70145759402 1.73008675786 1.76679772563 1.78120968885 1.7925722872 1.83250087143 1.84412216713 1.8750925648 1.88891196743 1.91490070475 1.95221814404 

Round: 31
0.00398985707527 0.0650617011121 0.0682874460221 0.150777875067 0.184588121856 0.199572171955 0.212985831596 0.230900216892 0.256658432075 0.274519883184 0.311288289634 0.318261812071 0.357411118763 0.364463214517 0.404474716359 0.424879749823 0.461159068432 0.465507132769 0.519400443959 0.564403457157 0.583667825361 0.59355635447 0.642240609326 0.729574426505 0.768139787059 0.784256918635 0.809846929451 0.946480511024 1.0 1.0 1.0 1.0 1.0 1.0 1.0 1.0 1.0 1.0 1.0 1.0 1.0 1.0 1.0 1.0 1.0 1.0 1.0 1.0 1.0 1.0 1.0 1.0 1.0 1.0 1.0 1.0 1.0 1.0 1.0 1.0 1.0 1.0 1.0 1.0 1.0 1.07963099221 1.16591252644 1.19881717156 1.29899611582 1.3424059507 1.37571474722 1.40325058855 1.4062361929 1.4294645494 1.47194017597 1.50866765019 1.55188140414 1.56141882578 1.61325828777 1.63572243883 1.66960597012 1.69425369348 1.72308822114 1.73147553158 1.75143391323 1.76379341041 1.78885967075 1.79851852071 1.81698011504 1.8240146391 1.86866968723 1.87220599471 1.95742911285 

Round: 32
-1.11022302463e-16 0.0558695564884 0.0830820995094 0.0908013801395 0.125695602031 0.173630033603 0.195951593442 0.202077371427 0.210895050441 0.234716971841 0.25863767181 0.289554469252 0.292500341824 0.292893218813 0.343420347587 0.40758445978 0.431601680658 0.439824130335 0.467605288365 0.525827017901 0.580843279925 0.632664763603 0.646509432567 0.677273502839 0.799573834238 0.854848583008 1.0 1.0 1.0 1.0 1.0 1.0 1.0 1.0 1.0 1.0 1.0 1.0 1.0 1.0 1.0 1.0 1.0 1.0 1.0 1.0 1.0 1.0 1.0 1.0 1.0 1.0 1.0 1.0 1.0 1.0 1.0 1.0 1.0 1.0 1.0 1.0 1.0 1.0 1.0 1.0 1.0 1.1293136046 1.23856991951 1.33022758315 1.36110458746 1.36863129172 1.41214150035 1.49030679453 1.52608481464 1.56420407017 1.5830957031 1.59057494695 1.68088668478 1.70710678119 1.71043670341 1.71282026392 1.73889010422 1.76617057649 1.77316602099 1.80271833487 1.81352977274 1.82797589334 1.8488648061 1.89339771506 1.91028672316 1.93524858587 1.97036453628 

Round: 33
-1.31838984174e-16 0.0648177059236 0.0794896098037 0.122680725589 0.147937846865 0.167527582999 0.189710173781 0.226640580502 0.244040311581 0.249485065628 0.297952934933 0.333360695922 0.350326546845 0.383635724858 0.418351092421 0.437399069566 0.447937474407 0.525603869836 0.536190591733 0.614333310641 0.664466807854 0.760270562359 0.776290207399 1.0 1.0 1.0 1.0 1.0 1.0 1.0 1.0 1.0 1.0 1.0 1.0 1.0 1.0 1.0 1.0 1.0 1.0 1.0 1.0 1.0 1.0 1.0 1.0 1.0 1.0 1.0 1.0 1.0 1.0 1.0 1.0 1.0 1.0 1.0 1.0 1.0 1.0 1.0 1.0 1.0 1.0 1.0 1.0 1.0 1.0 1.0 1.20306736718 1.24687815663 1.38211816921 1.43362662347 1.4522020689 1.46569176009 1.55086889286 1.56797225387 1.58867412575 1.61789439751 1.65591910337 1.67352289462 1.69284721486 1.75212157321 1.767122928 1.77436522386 1.80458731929 1.84444660407 1.86248797034 1.87137951146 1.87697572962 1.90818019302 1.96860142737 

Round: 34
-1.90819582357e-17 0.0304160391149 0.0603867142783 0.082149228442 0.103538230692 0.129393297744 0.150810241467 0.199146747604 0.22357476375 0.234771894684 0.243119733502 0.292893218813 0.307703777652 0.375502316922 0.391003841872 0.436092694994 0.454996551518 0.485735586867 0.519783396491 0.567234935984 0.640160918521 0.658387273356 0.719425249957 0.762604146217 0.897040792918 1.0 1.0 1.0 1.0 1.0 1.0 1.0 1.0 1.0 1.0 1.0 1.0 1.0 1.0 1.0 1.0 1.0 1.0 1.0 1.0 1.0 1.0 1.0 1.0 1.0 1.0 1.0 1.0 1.0 1.0 1.0 1.0 1.0 1.0 1.0 1.0 1.0 1.0 1.0 1.0 1.0 1.0 1.0 1.11815637674 1.27428450564 1.30051303097 1.33736241928 1.36177925303 1.42578856645 1.50740980214 1.52387139373 1.54085068099 1.57273286882 1.62094793545 1.65577482851 1.70710678119 1.72529917259 1.72927918586 1.76546083888 1.77879093714 1.78721204535 1.83871190269 1.8558294297 1.86891527519 1.89999386967 1.92185649602 1.95717906706 1.95902174356 

Round: 35
0.0 0.0426783189889 0.0848085336695 0.123398025763 0.145113420919 0.152511773235 0.170471307748 0.211401431937 0.235660569528 0.253025450645 0.292893218813 0.292893218813 0.305666284485 0.347695915949 0.393700044047 0.400526911553 0.432032015832 0.446861861765 0.491924201974 0.535163739615 0.554173486175 0.603730296109 0.632677390913 0.676793981782 0.776294290019 0.792855545597 0.817744214861 1.0 1.0 1.0 1.0 1.0 1.0 1.0 1.0 1.0 1.0 1.0 1.0 1.0 1.0 1.0 1.0 1.0 1.0 1.0 1.0 1.0 1.0 1.0 1.0 1.0 1.0 1.0 1.0 1.0 1.0 1.0 1.0 1.0 1.0 1.0 1.0 1.0 1.0 1.0 1.16573987936 1.19226661258 1.22529784998 1.3203894372 1.37272014861 1.39901330029 1.44772587817 1.51849371231 1.53319763596 1.56416705785 1.57510732667 1.59724844632 1.60616950955 1.63993398548 1.70710678119 1.70710678119 1.72263184579 1.73349114548 1.76424308871 1.78914889756 1.79928918231 1.85326983181 1.85593327325 1.88067845482 1.90695815482 1.92866040177 1.98131593025 

Round: 36
1.04083408559e-16 0.0391061828006 0.0809118933517 0.089919463706 0.117031835495 0.148446644232 0.151346188403 0.175117846134 0.185160550786 0.205454739479 0.24178559172 0.252687637745 0.275076825278 0.283475464728 0.292893218813 0.31879975331 0.416890052029 0.424986125609 0.453817835862 0.514511558457 0.526949673933 0.549409507103 0.625317105235 0.693461891064 0.708897776395 0.758885736977 1.0 1.0 1.0 1.0 1.0 1.0 1.0 1.0 1.0 1.0 1.0 1.0 1.0 1.0 1.0 1.0 1.0 1.0 1.0 1.0 1.0 1.0 1.0 1.0 1.0 1.0 1.0 1.0 1.0 1.0 1.0 1.0 1.0 1.0 1.0 1.0 1.0 1.0 1.0 1.0 1.0 1.24492026608 1.30008314759 1.31763319676 1.37285914868 1.45059659371 1.47392645361 1.48510174022 1.54735800629 1.57977048949 1.58152265889 1.681191809 1.70710678119 1.71727333878 1.72818307835 1.74726049408 1.75788649361 1.79437541255 1.81405729599 1.82481636916 1.84983634782 1.85017899189 1.87730099576 1.90103520756 1.91837775417 1.96113680734 1.98587002277 

Round: 37
-4.42918426541e-16 0.0451686102508 0.0553987073445 0.0858681161694 0.127269840867 0.156941953312 0.176062301746 0.200410715988 0.203157919433 0.248796335785 0.266524510991 0.30462652003 0.32779904823 0.365423376578 0.377341925991 0.434710920804 0.497951875795 0.507851012516 0.560556931529 0.597108537409 0.619857190887 0.65267256617 0.693633757253 0.779095141355 0.826544195022 0.850130498552 0.909461614061 1.0 1.0 1.0 1.0 1.0 1.0 1.0 1.0 1.0 1.0 1.0 1.0 1.0 1.0 1.0 1.0 1.0 1.0 1.0 1.0 1.0 1.0 1.0 1.0 1.0 1.0 1.0 1.0 1.0 1.0 1.0 1.0 1.0 1.0 1.0 1.0 1.0 1.0 1.0 1.0880672631 1.15135859984 1.17743224581 1.23241614201 1.2979106563 1.33134416745 1.37850812418 1.4113025898 1.44561176717 1.49288926543 1.51184372176 1.57496592338 1.61548643363 1.65220584797 1.67193725168 1.69935951801 1.7321513913 1.74682412128 1.78916094241 1.7990866011 1.82581197329 1.83845043782 1.86289769341 1.91428682162 1.94028627247 1.96588545198 1.98215465173 

Round: 38
-1.04083408559e-17 0.0584166397854 0.0883064078481 0.109914928021 0.126354766904 0.168726167612 0.190539826031 0.212447751893 0.233233501606 0.243248669656 0.290380127085 0.335780187431 0.380026693966 0.434068913121 0.482748411148 0.510864904009 0.527161114571 0.564347386214 0.591237847466 0.608385248722 0.651263005177 0.694956624627 0.702298005368 0.805076225132 0.835361049343 1.0 1.0 1.0 1.0 1.0 1.0 1.0 1.0 1.0 1.0 1.0 1.0 1.0 1.0 1.0 1.0 1.0 1.0 1.0 1.0 1.0 1.0 1.0 1.0 1.0 1.0 1.0 1.0 1.0 1.0 1.0 1.0 1.0 1.0 1.0 1.0 1.0 1.0 1.0 1.0 1.0 1.0 1.0 1.19089093796 1.20395845767 1.301912148 1.3044293641 1.37628704814 1.38952055171 1.43045105121 1.47596206745 1.49259567251 1.5 1.51864029619 1.57937170837 1.61167364685 1.62848579169 1.69768686959 1.74314748146 1.76462676441 1.77525835255 1.80110760977 1.82988158203 1.86678365451 1.87905431745 1.88586760539 1.93624612994 1.97101648833 

Round: 39
-6.93889390391e-18 0.0456039226636 0.0738926036184 0.0937788210795 0.120251435445 0.146772093953 0.156815010062 0.163900213865 0.183503419072 0.218238825742 0.229037798401 0.246441938486 0.280239683408 0.3071906352 0.330081742423 0.34099598776 0.373534814691 0.442140816447 0.496329443589 0.537332641524 0.56356854067 0.577529715803 0.657623582838 0.715878441866 0.748109578135 0.762406548102 0.872101631172 1.0 1.0 1.0 1.0 1.0 1.0 1.0 1.0 1.0 1.0 1.0 1.0 1.0 1.0 1.0 1.0 1.0 1.0 1.0 1.0 1.0 1.0 1.0 1.0 1.0 1.0 1.0 1.0 1.0 1.0 1.0 1.0 1.0 1.0 1.0 1.0 1.0 1.0 1.0 1.12833128421 1.23627727201 1.25216714929 1.28626073238 1.34385940357 1.4249387691 1.43487932996 1.46193795847 1.50399072849 1.55561393241 1.62589733884 1.65747306572 1.67627363652 1.69190558152 1.71620604674 1.75234794157 1.78067900174 1.79893593815 1.81649658093 1.82598833336 1.84396382123 1.85257945418 1.87943956869 1.90807955638 1.91449699268 1.96854901511 1.97913168072 

Round: 40
-8.32667268469e-17 0.0458152407876 0.0859738651918 0.11131469651 0.135831657449 0.15922200756 0.174663454235 0.185534924569 0.235785565475 0.249742090007 0.282333398133 0.302626636595 0.330953186862 0.365610913118 0.399900150212 0.427929664369 0.443912694564 0.483209276581 0.501188699409 0.536597063559 0.557246822154 0.564962574175 0.684181139388 0.705956242163 0.785468737377 1.0 1.0 1.0 1.0 1.0 1.0 1.0 1.0 1.0 1.0 1.0 1.0 1.0 1.0 1.0 1.0 1.0 1.0 1.0 1.0 1.0 1.0 1.0 1.0 1.0 1.0 1.0 1.0 1.0 1.0 1.0 1.0 1.0 1.0 1.0 1.0 1.0 1.0 1.0 1.0 1.0 1.0 1.0 1.21397784523 1.29766792423 1.31412225928 1.43598913975 1.45856764867 1.48252974117 1.50145900002 1.51848998167 1.55452284626 1.57531942367 1.61205554242 1.62420794864 1.66076211661 1.67957977062 1.72445315911 1.75700981772 1.76776318643 1.81352344943 1.81943306918 1.84054398455 1.86710143725 1.88797431164 1.90615346668 1.95039569077 1.98043653854 

Round: 41
-4.4408920985e-16 0.0532502866389 0.0690256087449 0.135761103456 0.149108943059 0.159871424554 0.166254566451 0.170530185426 0.219861350416 0.238081570184 0.262340719725 0.267819111858 0.335445779598 0.356766597702 0.389254753693 0.402525078854 0.441771289534 0.44853447852 0.466645110593 0.491514917757 0.507734252076 0.527747133749 0.559152494154 0.598849844617 0.605364472324 0.625118836917 0.669083723275 0.703530655868 0.770980164717 0.856202258702 0.936695436622 1.0 1.0 1.0 1.0 1.0 1.0 1.0 1.0 1.0 1.0 1.0 1.0 1.0 1.0 1.0 1.0 1.0 1.0 1.0 1.0 1.0 1.0 1.0 1.0 1.0 1.0 1.0 1.0 1.0 1.0 1.0 1.0632951431 1.14425836867 1.23183981822 1.29361208131 1.33579337054 1.37491688613 1.39548370958 1.41042486365 1.44107178586 1.46330790851 1.48699013199 1.50903365999 1.54504141962 1.55139756162 1.55753822153 1.59777234515 1.61045532736 1.64366012929 1.66080147088 1.73531313721 1.73917954117 1.75920642049 1.78168186674 1.82889734242 1.83460141258 1.84112235122 1.85348765008 1.86207433354 1.92972010554 1.94595313585 1.98724635038 

Round: 42
1.11022302463e-16 0.0508004148145 0.0972611083844 0.104823961994 0.14885159692 0.173744691044 0.198311761182 0.216928903023 0.236608018474 0.268969354669 0.316004095387 0.319372338074 0.324860893538 0.354265966312 0.366593334256 0.401696949217 0.460511887292 0.464188747318 0.500275600437 0.523957469868 0.558416956985 0.605313700726 0.607454526098 0.67705477715 0.692550997744 0.738912341088 0.766684453174 0.815219779144 0.884693484568 0.980625229702 1.0 1.0 1.0 1.0 1.0 1.0 1.0 1.0 1.0 1.0 1.0 1.0 1.0 1.0 1.0 1.0 1.0 1.0 1.0 1.0 1.0 1.0 1.0 1.0 1.0 1.0 1.0 1.0 1.0 1.0 1.0 1.0 1.0 1.05881860266 1.13840103034 1.18278992717 1.2282355829 1.26842202165 1.31258736584 1.33344530405 1.38956500186 1.39407566768 1.42969602406 1.47531021995 1.50045990005 1.53667273088 1.54292629053 1.59831416523 1.6333093678 1.64316889852 1.67515794804 1.68043045132 1.68397805961 1.72369000947 1.76422416972 1.78383219727 1.80083873619 1.82700896936 1.83931857606 1.87305282285 1.90231168776 1.94246549117 1.98253944144 

Round: 43
1.11022302463e-16 0.0510725910491 0.0944413383179 0.102047231126 0.133312434376 0.133974596216 0.157898865392 0.167420797054 0.18251855009 0.222117291388 0.250711252788 0.282020523622 0.292893218813 0.292893218813 0.331069622927 0.347408775779 0.36162947066 0.435975751986 0.454729452898 0.51931258918 0.543306360346 0.555628751108 0.590757566032 0.704888984573 0.761184318177 0.798895364966 0.850358971015 1.0 1.0 1.0 1.0 1.0 1.0 1.0 1.0 1.0 1.0 1.0 1.0 1.0 1.0 1.0 1.0 1.0 1.0 1.0 1.0 1.0 1.0 1.0 1.0 1.0 1.0 1.0 1.0 1.0 1.0 1.0 1.0 1.0 1.0 1.0 1.0 1.0 1.0 1.0 1.14914224748 1.20249054863 1.2391260889 1.29591972413 1.40994478238 1.44530041047 1.45836866323 1.51173368993 1.54681795855 1.56530077504 1.64503626116 1.65259326997 1.66703370155 1.70710678119 1.70710678119 1.72983618949 1.7487379693 1.77847768765 1.7884886183 1.81921575106 1.83717768872 1.86385043186 1.86602540378 1.89903818919 1.90643783783 1.9519299931 1.98929466723 

Round: 44
1.38777878078e-17 0.0306210769782 0.0946375633463 0.102585364037 0.121611086182 0.135932050435 0.163391785133 0.178856894291 0.185888229047 0.192573283811 0.273791178754 0.298393555131 0.305360643019 0.33030590201 0.366818684133 0.407312215201 0.407458676214 0.44495130229 0.470834645412 0.517920481096 0.540630278371 0.542543067724 0.554762213552 0.583491956428 0.654579424988 0.693304993636 0.816231266928 1.0 1.0 1.0 1.0 1.0 1.0 1.0 1.0 1.0 1.0 1.0 1.0 1.0 1.0 1.0 1.0 1.0 1.0 1.0 1.0 1.0 1.0 1.0 1.0 1.0 1.0 1.0 1.0 1.0 1.0 1.0 1.0 1.0 1.0 1.0 1.0 1.0 1.0 1.0 1.18327495241 1.30667667141 1.37953800717 1.41012809184 1.43422165276 1.45767784767 1.47496297868 1.48152174682 1.53433760858 1.5548797057 1.59258137083 1.6150405935 1.61999745999 1.66924362735 1.69046562719 1.70007553973 1.70494751703 1.80519749637 1.81370063728 1.8201132038 1.83108072163 1.86936769034 1.87912073394 1.89059993516 1.92189551856 1.96138916264 1.98317608348 

Round: 45
5.30110609414e-17 0.0289886537526 0.0834049517177 0.0951823343541 0.132504438096 0.144858241682 0.147861449448 0.176778387916 0.184162619302 0.220120196985 0.244835032974 0.268115562771 0.278345550175 0.292893218813 0.324934816725 0.376275077323 0.412327525999 0.42264973081 0.425629307115 0.462127121944 0.493271775117 0.509886273842 0.556476109235 0.615282731369 0.680760559037 0.694413815629 0.780183680672 0.811483083258 0.903085751221 1.0 1.0 1.0 1.0 1.0 1.0 1.0 1.0 1.0 1.0 1.0 1.0 1.0 1.0 1.0 1.0 1.0 1.0 1.0 1.0 1.0 1.0 1.0 1.0 1.0 1.0 1.0 1.0 1.0 1.0 1.0 1.0 1.0 1.0 1.0 1.09751553013 1.19222094365 1.20952851938 1.33596721157 1.37341225157 1.38688108074 1.43425954278 1.47480733317 1.49756331515 1.50784152863 1.57543210933 1.57735026919 1.59515677755 1.62479546717 1.66666663139 1.70710678119 1.72957153262 1.74874034793 1.77760320874 1.79224716747 1.82053985353 1.83244989053 1.84901961059 1.85540360967 1.87131805663 1.88434318361 1.90042231449 1.93855494488 1.97644298943 

Round: 46
-1.26634813746e-16 0.030404708075 0.0620847347524 0.0999619971345 0.100277642108 0.119544743483 0.150837777502 0.17092722766 0.183503419072 0.185805508542 0.209522209977 0.229251915195 0.258160199413 0.269689461276 0.273454108027 0.292893218813 0.307970487817 0.432691125441 0.455673718655 0.487386543248 0.536668875803 0.543030605179 0.567569367771 0.633626930182 0.650479317484 0.707044373822 0.754551230878 0.792452190069 0.869113675679 1.0 1.0 1.0 1.0 1.0 1.0 1.0 1.0 1.0 1.0 1.0 1.0 1.0 1.0 1.0 1.0 1.0 1.0 1.0 1.0 1.0 1.0 1.0 1.0 1.0 1.0 1.0 1.0 1.0 1.0 1.0 1.0 1.0 1.0 1.0 1.1093003363 1.15123026373 1.33271226362 1.36248488584 1.36998750993 1.39490244205 1.45304953154 1.47958333575 1.5 1.53813178101 1.55223893094 1.58260607622 1.59884371944 1.69512101436 1.69951729197 1.70710678119 1.73103689029 1.74413004381 1.78691839792 1.8145528232 1.81649658093 1.82785627394 1.84927787766 1.87949338746 1.89428236839 1.90381633133 1.91301340501 1.95954716636 1.97818497676 

Round: 47
3.46944695195e-17 0.0506109887421 0.0626914182954 0.0953255772157 0.165111367367 0.169316582095 0.20465631955 0.212149985073 0.253098297794 0.262888871197 0.284411063708 0.292893218813 0.325557168198 0.333496538015 0.346266254892 0.380011164581 0.414829912228 0.44231158106 0.501404204135 0.508836399457 0.548116053302 0.600557550833 0.692650101259 0.720763118089 0.772576131564 0.889029569176 1.0 1.0 1.0 1.0 1.0 1.0 1.0 1.0 1.0 1.0 1.0 1.0 1.0 1.0 1.0 1.0 1.0 1.0 1.0 1.0 1.0 1.0 1.0 1.0 1.0 1.0 1.0 1.0 1.0 1.0 1.0 1.0 1.0 1.0 1.0 1.0 1.0 1.0 1.0 1.0 1.0 1.11061927452 1.22824998423 1.30939956201 1.39560433087 1.42866573162 1.49141805184 1.49748343934 1.5 1.51214776576 1.57317960694 1.58823752005 1.61899993532 1.66287064554 1.67728700858 1.70710678119 1.71500887845 1.73681856796 1.74657788712 1.77937455869 1.79417636339 1.830490184 1.83267662542 1.88143502567 1.91594651645 1.9498370489 1.9868292695 

Round: 48
-3.81639164715e-17 0.0517223606616 0.0784887668782 0.0952441712034 0.127497599556 0.146732326079 0.181996875102 0.215643289407 0.231586379277 0.25367573173 0.27410772602 0.284272187379 0.299694727346 0.387331886646 0.421045398931 0.430535207885 0.480699924447 0.498978078855 0.546237015967 0.550599354637 0.57582180946 0.588977843662 0.601393994397 0.619232619884 0.680035320145 0.693988916015 0.763289506595 0.836559580497 1.0 1.0 1.0 1.0 1.0 1.0 1.0 1.0 1.0 1.0 1.0 1.0 1.0 1.0 1.0 1.0 1.0 1.0 1.0 1.0 1.0 1.0 1.0 1.0 1.0 1.0 1.0 1.0 1.0 1.0 1.0 1.0 1.0 1.0 1.0 1.0 1.0 1.16071687276 1.23814717953 1.31072211828 1.31789212298 1.3663125996 1.37724323805 1.40846552978 1.4321151586 1.45224059944 1.49087630334 1.49706636769 1.54717918779 1.57467288658 1.58844578477 1.63293538409 1.69366875774 1.71737204432 1.73524953467 1.74091664872 1.75881025836 1.78239967488 1.80482149747 1.84877236003 1.86633956703 1.90017825179 1.91980441646 1.94749859226 1.97374846432 

Round: 49
0.0 0.0592110159346 0.0876749301072 0.118849932798 0.144054454485 0.15742926991 0.184410401645 0.193811970491 0.265656940877 0.305687087287 0.321927226175 0.336141259247 0.403927052642 0.448239053597 0.47774870918 0.496468070821 0.540135401044 0.563815694639 0.578600202847 0.596598706551 0.610841269517 0.624485974579 0.632344067672 0.700785661867 0.722433710613 0.768813085289 0.886603004994 0.935616519383 1.0 1.0 1.0 1.0 1.0 1.0 1.0 1.0 1.0 1.0 1.0 1.0 1.0 1.0 1.0 1.0 1.0 1.0 1.0 1.0 1.0 1.0 1.0 1.0 1.0 1.0 1.0 1.0 1.0 1.0 1.0 1.0 1.0 1.0 1.0 1.0 1.01540654958 1.05580513426 1.13090341076 1.20022178042 1.28811661026 1.3378010245 1.36764601872 1.37539200081 1.38887916182 1.4038195714 1.42113853615 1.45068399672 1.4562998472 1.50153731179 1.52418627246 1.54234958209 1.59580403809 1.65808285888 1.67153965311 1.6937670004 1.73342514578 1.80609384012 1.81818160296 1.83253021454 1.8587082029 1.87862293174 1.91240883577 1.93957383369 1.9787643589 

Round: 50
-1.12757025938e-16 0.030909896765 0.0768808935756 0.105405993829 0.145172313057 0.164119916449 0.19445076512 0.219705864088 0.236059568265 0.263923902226 0.272617854592 0.292893218813 0.332828224842 0.360862682209 0.374425792009 0.425251275971 0.44293509663 0.472738475195 0.521995298132 0.539869478537 0.577466203025 0.588356843552 0.6121105767 0.647848085878 0.71020400369 0.773106135162 0.854417256837 0.941748426698 1.0 1.0 1.0 1.0 1.0 1.0 1.0 1.0 1.0 1.0 1.0 1.0 1.0 1.0 1.0 1.0 1.0 1.0 1.0 1.0 1.0 1.0 1.0 1.0 1.0 1.0 1.0 1.0 1.0 1.0 1.0 1.0 1.0 1.0 1.0 1.0 1.0 1.05830737828 1.20800691228 1.2293001306 1.286144106 1.34759072871 1.3885196029 1.41100882964 1.41727821285 1.45612519294 1.50033843783 1.5274381087 1.56594475969 1.5756045139 1.62567490142 1.63865550577 1.67147384882 1.70710678119 1.72443670113 1.7353125113 1.7388254279 1.76397198894 1.80150525601 1.81231894818 1.86455419924 1.89436488669 1.92395495045 1.96359998557 1.98433315123 

Round: 51
2.42861286637e-17 0.0376351517486 0.0823888037245 0.123305146963 0.148694073331 0.160886777504 0.183503419072 0.217733159633 0.220459508086 0.253543298487 0.279993454072 0.320106306572 0.357057846767 0.367445965342 0.404606415492 0.444898853215 0.476960369838 0.512382549626 0.544811028198 0.555677729565 0.688685550253 0.702225244314 0.732190715607 0.829015769615 0.925927679065 1.0 1.0 1.0 1.0 1.0 1.0 1.0 1.0 1.0 1.0 1.0 1.0 1.0 1.0 1.0 1.0 1.0 1.0 1.0 1.0 1.0 1.0 1.0 1.0 1.0 1.0 1.0 1.0 1.0 1.0 1.0 1.0 1.0 1.0 1.0 1.0 1.0 1.0 1.0 1.0 1.0 1.0 1.0 1.10408773757 1.23261480063 1.29245378623 1.30753649863 1.40929572355 1.4477645913 1.48094982798 1.5 1.5152869546 1.53786910283 1.55625335185 1.58490997701 1.60908582499 1.66081586851 1.71791985548 1.7569340382 1.77673634637 1.80983212317 1.81649658093 1.82396646729 1.84817581009 1.85571825893 1.91312782004 1.91913299414 1.95290084362 

Round: 52
1.28369537222e-16 0.0388076613054 0.0560286972003 0.0914071336026 0.11902601483 0.162945568645 0.172228445809 0.205645233405 0.211462791765 0.250151359255 0.275787463223 0.313180903238 0.325571008205 0.355977069744 0.402792672801 0.411073001313 0.422143783639 0.466173016768 0.486019186019 0.509942696905 0.550958643995 0.561989232261 0.613204768761 0.648005050043 0.67821815848 0.696601515673 0.749390086229 0.823793582649 1.0 1.0 1.0 1.0 1.0 1.0 1.0 1.0 1.0 1.0 1.0 1.0 1.0 1.0 1.0 1.0 1.0 1.0 1.0 1.0 1.0 1.0 1.0 1.0 1.0 1.0 1.0 1.0 1.0 1.0 1.0 1.0 1.0 1.0 1.0 1.0 1.0 1.1766642687 1.25015319005 1.29939090114 1.32896150446 1.35358665733 1.38738854603 1.43319672314 1.44835583636 1.48995762241 1.52242560923 1.54208127561 1.5642061293 1.58054872546 1.59769522422 1.6432954375 1.67111202342 1.67713318376 1.72660164663 1.7503434858 1.78104145299 1.81253633982 1.8298250996 1.8451319204 1.88500637453 1.91470932582 1.94476569735 1.95982837561 1.98553267755 

Round: 53
-2.08166817117e-17 0.049061600655 0.0801492483647 0.086529163139 0.125337109549 0.132674931219 0.159004760788 0.191998961996 0.233181557371 0.246411911201 0.255260322554 0.277667892232 0.292893218813 0.329273174652 0.38931388313 0.402082091538 0.431517141601 0.440308515341 0.454805682695 0.493100852929 0.51708523422 0.542145552838 0.625277066051 0.644145426032 0.668732941372 0.708743172099 0.78952675346 0.865196735199 1.0 1.0 1.0 1.0 1.0 1.0 1.0 1.0 1.0 1.0 1.0 1.0 1.0 1.0 1.0 1.0 1.0 1.0 1.0 1.0 1.0 1.0 1.0 1.0 1.0 1.0 1.0 1.0 1.0 1.0 1.0 1.0 1.0 1.0 1.0 1.0 1.0 1.15533759993 1.20406051761 1.29506522884 1.33295796441 1.35601576079 1.4172434469 1.45342554822 1.45847604712 1.5286679251 1.54509678761 1.55907860305 1.56851517007 1.5788724845 1.61061788275 1.66038696009 1.70577457175 1.70710678119 1.74633914469 1.75099510969 1.78705243377 1.79896983584 1.84150998108 1.86666346171 1.8797700705 1.91297053869 1.91985265773 1.94438724067 1.98336534467 

Round: 54
1.11022302463e-16 0.0423869913688 0.0718092214936 0.102273209194 0.127332041449 0.161949545528 0.172783727555 0.204053627209 0.233015085034 0.241747346842 0.24758600211 0.292893218813 0.292893218813 0.295539955517 0.34576717556 0.374807077794 0.43132688738 0.471296216813 0.480101858465 0.537414813619 0.562232337611 0.581274341694 0.608301900258 0.628079453168 0.667533656064 0.682781623911 0.784631365549 0.80991604036 0.897839566033 1.0 1.0 1.0 1.0 1.0 1.0 1.0 1.0 1.0 1.0 1.0 1.0 1.0 1.0 1.0 1.0 1.0 1.0 1.0 1.0 1.0 1.0 1.0 1.0 1.0 1.0 1.0 1.0 1.0 1.0 1.0 1.0 1.0 1.0 1.0 1.10212700166 1.19254438149 1.21470918645 1.29250295176 1.35918329064 1.37114312165 1.39097026334 1.41550944465 1.43607920602 1.46236779577 1.52668391253 1.52970136641 1.56932929831 1.62559969361 1.65690029396 1.70584878335 1.70710678119 1.70710678119 1.75209494347 1.75603240649 1.76780444055 1.79573210022 1.82886228365 1.84245000511 1.87265717713 1.89760449961 1.92889979403 1.96255660285 1.98032468769 

Round: 55
5.6898930012e-16 0.0490542968875 0.0572059136844 0.0920617165657 0.0961641844059 0.138817782113 0.145736214585 0.16826247886 0.204284372976 0.20819128313 0.241339514459 0.263189149366 0.30473157115 0.30714699469 0.340586235285 0.398621363133 0.428710191282 0.484209137443 0.508940753691 0.517435659422 0.532607529142 0.584491981214 0.6372174186 0.645972977999 0.657130334094 0.718184930295 0.739613235315 0.868732692159 1.0 1.0 1.0 1.0 1.0 1.0 1.0 1.0 1.0 1.0 1.0 1.0 1.0 1.0 1.0 1.0 1.0 1.0 1.0 1.0 1.0 1.0 1.0 1.0 1.0 1.0 1.0 1.0 1.0 1.0 1.0 1.0 1.0 1.0 1.0 1.0 1.0 1.13120931214 1.26005609796 1.30378759424 1.31720687604 1.35554846762 1.37234197592 1.40755815078 1.46749679431 1.48249816602 1.49123125134 1.52096962208 1.56058630115 1.60919868741 1.66041642496 1.69284555935 1.69549500104 1.73877942346 1.75667756154 1.79185586837 1.79566156903 1.84024585651 1.85539361585 1.86354150045 1.90273543213 1.90703295162 1.94619194406 1.95051939584 1.98427868681 

Round: 56
2.45358163821e-16 0.0409631127327 0.0714937831312 0.118077044884 0.120884606318 0.146192446281 0.173666627408 0.214621500623 0.221128907122 0.241319656054 0.257217653699 0.292893218813 0.292893218813 0.318372545865 0.34835095111 0.364871000093 0.389322868045 0.432941272282 0.460847872009 0.493207356558 0.528704773307 0.574824174435 0.582790631833 0.633846912575 0.650186091716 0.655847143047 0.675987759855 0.732969904388 0.838528494146 0.883314011731 0.918860256325 1.0 1.0 1.0 1.0 1.0 1.0 1.0 1.0 1.0 1.0 1.0 1.0 1.0 1.0 1.0 1.0 1.0 1.0 1.0 1.0 1.0 1.0 1.0 1.0 1.0 1.0 1.0 1.0 1.0 1.0 1.0 1.08234820573 1.11548359905 1.15962598119 1.26428467254 1.29772865371 1.34174865107 1.35118093767 1.37546076401 1.42384493124 1.4563617854 1.48512478884 1.50848648908 1.53913677268 1.56715532711 1.61013937643 1.63842754172 1.6547220988 1.67488588858 1.70710678119 1.70710678119 1.75171610596 1.76334941948 1.77790748991 1.78201505372 1.8184731768 1.845842172 1.87044849025 1.88455253573 1.92941789678 1.94904535379 1.99174648313 

Round: 57
-1.11022302463e-16 0.0629982294884 0.0755550632231 0.141211100685 0.176933687144 0.195361362945 0.208054003224 0.218562987669 0.226887639548 0.256586958679 0.292893218813 0.293450145437 0.312752627619 0.347347085699 0.397219491042 0.414431623448 0.437665077735 0.456424200168 0.479648292976 0.484567520448 0.558868373692 0.581072937331 0.622855394517 0.652104193604 0.684596347141 0.782413086632 0.815424237323 1.0 1.0 1.0 1.0 1.0 1.0 1.0 1.0 1.0 1.0 1.0 1.0 1.0 1.0 1.0 1.0 1.0 1.0 1.0 1.0 1.0 1.0 1.0 1.0 1.0 1.0 1.0 1.0 1.0 1.0 1.0 1.0 1.0 1.0 1.0 1.0 1.0 1.0 1.0 1.20680285852 1.23638596077 1.30608267239 1.36436270505 1.38119504969 1.41627650473 1.4542726916 1.51921773053 1.52825896 1.54610657983 1.58861618616 1.60135661103 1.64643607362 1.65301841747 1.67835931574 1.70588740822 1.70710678119 1.72934136144 1.73973675567 1.75790307495 1.77826530953 1.80285494505 1.81355859876 1.83257568575 1.92363187961 1.93502181511 1.97148318137 

Round: 58
5.89805981832e-17 0.0506292623603 0.0662342273291 0.0809996539574 0.125246670991 0.169328722515 0.172631911798 0.194527821453 0.210387460977 0.217402765451 0.254608015232 0.282863912731 0.325156387071 0.332806097364 0.370865684538 0.412820589912 0.415543350161 0.452972976749 0.511694949359 0.53679656527 0.575329106387 0.640607262488 0.710543692909 0.747626217706 0.819474141626 0.895750425028 1.0 1.0 1.0 1.0 1.0 1.0 1.0 1.0 1.0 1.0 1.0 1.0 1.0 1.0 1.0 1.0 1.0 1.0 1.0 1.0 1.0 1.0 1.0 1.0 1.0 1.0 1.0 1.0 1.0 1.0 1.0 1.0 1.0 1.0 1.0 1.0 1.0 1.0 1.0 1.0 1.0 1.1033395328 1.16673527966 1.28114152088 1.29071211498 1.36896879291 1.42383271284 1.45945586967 1.466935922 1.55821302494 1.5850265466 1.59676263412 1.6456903889 1.65721697992 1.6720782561 1.70727969791 1.75348558857 1.7870607291 1.78826305363 1.80253745103 1.83129849142 1.83311577083 1.87494186156 1.92172372313 1.93300655084 1.9432317276 1.9750979067 

Round: 59
-4.51028103754e-17 0.0505400059181 0.0623995230393 0.107071447497 0.132560273769 0.140329176433 0.163913374311 0.174843867281 0.205310245972 0.22309457094 0.243020195033 0.270363445388 0.292893218813 0.292893218813 0.356729321369 0.387354441628 0.41407964485 0.426165756054 0.477296636883 0.50929180065 0.5353303755 0.562373023814 0.566198447573 0.608037482125 0.648955468094 0.672352905787 0.703704349783 0.724790627167 0.827310428486 0.945449498238 1.0 1.0 1.0 1.0 1.0 1.0 1.0 1.0 1.0 1.0 1.0 1.0 1.0 1.0 1.0 1.0 1.0 1.0 1.0 1.0 1.0 1.0 1.0 1.0 1.0 1.0 1.0 1.0 1.0 1.0 1.0 1.0 1.0 1.0546188298 1.17381320676 1.27812116961 1.29840722773 1.32438797514 1.36666505668 1.40854509429 1.43701782491 1.46608392045 1.48419394211 1.52020466055 1.54263884721 1.57467245417 1.60567268102 1.63697199484 1.67579043055 1.70710678119 1.70710678119 1.70791620414 1.75807362192 1.76647971151 1.77593427371 1.7969794829 1.80062392426 1.85178281998 1.86313616818 1.87853648904 1.89644731516 1.94006884919 1.97734949062 

Round: 60
-3.57607119654e-16 0.0648035055717 0.079523328603 0.0942667306676 0.125238795176 0.158454577049 0.208232100753 0.213045802741 0.255765949196 0.269331084328 0.292893218813 0.292893218813 0.311427006262 0.33884909438 0.366750602072 0.40288340282 0.431502945864 0.434018560161 0.458903232763 0.467620019826 0.498007884225 0.594193096708 0.613986858756 0.643270839424 0.708172023667 0.831824765943 1.0 1.0 1.0 1.0 1.0 1.0 1.0 1.0 1.0 1.0 1.0 1.0 1.0 1.0 1.0 1.0 1.0 1.0 1.0 1.0 1.0 1.0 1.0 1.0 1.0 1.0 1.0 1.0 1.0 1.0 1.0 1.0 1.0 1.0 1.0 1.0 1.0 1.0 1.0 1.0 1.0 1.16817822707 1.32565600767 1.35505835682 1.38703358041 1.44459123165 1.49839589184 1.5334660462 1.54323326826 1.57466633671 1.5804681095 1.61074937093 1.65190313845 1.65666223782 1.69063151824 1.70710678119 1.70710678119 1.72722487109 1.74600929863 1.76003354013 1.79464012626 1.83334542433 1.84492801512 1.8767978327 1.91925333699 1.93247181794 1.9745302083 

Round: 61
-1.11022302463e-16 0.0653086684319 0.11809643327 0.14616702795 0.157216672805 0.168563058097 0.180625072318 0.223280840933 0.260265898288 0.292893218813 0.328605266544 0.3807435377 0.40737112926 0.432831462752 0.451244403558 0.486978024692 0.519402804436 0.534278745983 0.557497378214 0.568511599274 0.640239146704 0.654615329556 0.663786736235 0.717883600068 0.778124788535 0.867373149371 0.912891627817 1.0 1.0 1.0 1.0 1.0 1.0 1.0 1.0 1.0 1.0 1.0 1.0 1.0 1.0 1.0 1.0 1.0 1.0 1.0 1.0 1.0 1.0 1.0 1.0 1.0 1.0 1.0 1.0 1.0 1.0 1.0 1.0 1.0 1.0 1.0 1.0 1.0 1.0 1.0 1.11001217842 1.13472674203 1.22986293971 1.30328029016 1.34491580939 1.35264868283 1.401239322 1.43793166804 1.44437259178 1.47470875122 1.48187479006 1.5120054998 1.5135935854 1.56364729866 1.5917445002 1.62926691134 1.6635382344 1.70710678119 1.73837273582 1.74536664416 1.81094150144 1.8260103685 1.8351431865 1.85402485679 1.8776182295 1.91952504422 1.98172523484 

Round: 62
2.08166817117e-17 0.0418090197049 0.0818765791051 0.107365554444 0.150936273282 0.163399027029 0.192519836943 0.203180364246 0.228592762359 0.249090787158 0.276557946878 0.292893218813 0.330716405725 0.373344611731 0.382220757842 0.420408096644 0.426698827421 0.438266183958 0.458015704299 0.49885962029 0.54540586127 0.571557165149 0.657504943349 0.668135899667 0.706343949505 0.72623079571 0.77184810524 0.824295074844 0.844801594186 0.879188350283 0.916060526482 1.0 1.0 1.0 1.0 1.0 1.0 1.0 1.0 1.0 1.0 1.0 1.0 1.0 1.0 1.0 1.0 1.0 1.0 1.0 1.0 1.0 1.0 1.0 1.0 1.0 1.0 1.0 1.0 1.0 1.0 1.0 1.04675395352 1.10124812148 1.15994048815 1.18732493946 1.26174846782 1.28699836977 1.3268479101 1.37723774709 1.41426628868 1.42559911688 1.4790656596 1.51274197507 1.54185226267 1.55061778924 1.57462322655 1.58492762202 1.62214955523 1.65609220292 1.67742101769 1.70057106485 1.70710678119 1.73515874883 1.75110342989 1.77624697892 1.80723435452 1.81653097957 1.81893159369 1.87144130043 1.90751507134 1.94268393046 1.94989520885 

Round: 63
3.09475457611e-16 0.0537655042839 0.103438012295 0.124000125117 0.151162087887 0.193006238765 0.203994468294 0.211045254304 0.233348631441 0.24528100394 0.275997846342 0.290761373658 0.319266474381 0.360891980777 0.385793845935 0.398027104163 0.471151768224 0.506430686679 0.552922524417 0.577848868221 0.598774834158 0.61678472361 0.632336585828 0.679343745139 0.696918335431 0.827996253481 0.84422139877 1.0 1.0 1.0 1.0 1.0 1.0 1.0 1.0 1.0 1.0 1.0 1.0 1.0 1.0 1.0 1.0 1.0 1.0 1.0 1.0 1.0 1.0 1.0 1.0 1.0 1.0 1.0 1.0 1.0 1.0 1.0 1.0 1.0 1.0 1.0 1.0 1.0 1.0 1.0 1.15675582527 1.17166109369 1.30639052142 1.32323372467 1.34617944692 1.38274918606 1.40991043467 1.4246250185 1.47298476736 1.48509763106 1.53552044273 1.60233389627 1.62201227667 1.63886207897 1.68068001993 1.70937196701 1.73118276924 1.75024106284 1.77773953861 1.7878065455 1.79012459282 1.79737570956 1.8456663619 1.87559041534 1.88777784991 1.94568640859 1.98793073895 

Round: 64
1.33019305462e-16 0.0514881003253 0.0739093611682 0.0870292114974 0.106960075942 0.130742169713 0.180314896815 0.193193638594 0.202811285476 0.245918048731 0.270757105884 0.278687260121 0.290419010458 0.292893218813 0.34180565532 0.365384246351 0.386331144382 0.419667954378 0.429528259519 0.439691400316 0.562092393401 0.59176031548 0.620740695672 0.673727986334 0.684454697244 0.687742383688 0.808054458911 0.911437677919 1.0 1.0 1.0 1.0 1.0 1.0 1.0 1.0 1.0 1.0 1.0 1.0 1.0 1.0 1.0 1.0 1.0 1.0 1.0 1.0 1.0 1.0 1.0 1.0 1.0 1.0 1.0 1.0 1.0 1.0 1.0 1.0 1.0 1.0 1.0 1.0 1.0 1.1164553956 1.19277234051 1.3122534304 1.31768323066 1.32586428457 1.37923012711 1.40716597426 1.44424752032 1.56199849678 1.57223986596 1.58084425052 1.61409695917 1.6399198041 1.65805128247 1.68844512355 1.70710678119 1.71732366669 1.72876027847 1.75092684053 1.79716361371 1.80557137688 1.82246461869 1.86686855996 1.89192079323 1.91289662222 1.92538234218 1.94787602936 1.98692773846 

Round: 65
2.50439728726e-16 0.0387728949118 0.0675304979534 0.0900712719756 0.111515069597 0.131930961828 0.192569395324 0.205043439495 0.250790439495 0.26085659047 0.272303662644 0.285144533604 0.292893218813 0.368411984099 0.392233976174 0.417676336923 0.462896712351 0.497402059905 0.517601966377 0.561397616473 0.572530087051 0.631302445908 0.649310170716 0.713417935909 0.727712925776 1.0 1.0 1.0 1.0 1.0 1.0 1.0 1.0 1.0 1.0 1.0 1.0 1.0 1.0 1.0 1.0 1.0 1.0 1.0 1.0 1.0 1.0 1.0 1.0 1.0 1.0 1.0 1.0 1.0 1.0 1.0 1.0 1.0 1.0 1.0 1.0 1.0 1.0 1.0 1.0 1.0 1.0 1.0 1.27235379587 1.29331678328 1.35043553958 1.36958894651 1.42925166524 1.43986811496 1.48540298857 1.50269088192 1.54302377462 1.57628201032 1.6059557059 1.63110050371 1.70710678119 1.71487564772 1.7319064707 1.73707667765 1.74451928748 1.79543118 1.81288044959 1.86877752804 1.89200842336 1.90395621153 1.93290898115 1.96135853964 1.98660691771 

Round: 66
-3.31272667837e-16 0.0527239224764 0.0843441000652 0.113542223765 0.124328879227 0.157267578265 0.192808933955 0.209165573926 0.24881268803 0.261138669142 0.290543803194 0.292893218813 0.292893218813 0.292893218813 0.306374131457 0.353819966295 0.364312071698 0.41952825212 0.42243469491 0.454033431911 0.490348489305 0.570862283763 0.580807254791 0.636954311461 0.641288708834 0.666727483865 0.708713062969 0.789365036304 0.843439587453 1.0 1.0 1.0 1.0 1.0 1.0 1.0 1.0 1.0 1.0 1.0 1.0 1.0 1.0 1.0 1.0 1.0 1.0 1.0 1.0 1.0 1.0 1.0 1.0 1.0 1.0 1.0 1.0 1.0 1.0 1.0 1.0 1.0 1.0 1.05946504866 1.15280287002 1.17514164759 1.24720193492 1.32051050873 1.35988160014 1.38324745305 1.42461894786 1.45299583801 1.49990990368 1.5399230441 1.57800798336 1.61442873302 1.63828902317 1.6741758813 1.68376877704 1.70710678119 1.70710678119 1.70710678119 1.71313831726 1.74587938444 1.75604069676 1.78459929537 1.80469258963 1.82862099178 1.87664897426 1.88954870512 1.92053150138 1.934475435 1.95776977518 

Round: 67
0.0 0.0527859117027 0.0965584886188 0.107118939141 0.139536736204 0.147014384598 0.184612139353 0.216817055012 0.251172889797 0.281719573675 0.308351063136 0.316582998301 0.354421261059 0.358835728514 0.404198585724 0.439399694535 0.456321477816 0.478941292448 0.538642606369 0.547139987444 0.581635637346 0.611652825459 0.65854338443 0.696419847036 0.700987467597 0.774125099875 0.816644230147 0.937341322835 1.0 1.0 1.0 1.0 1.0 1.0 1.0 1.0 1.0 1.0 1.0 1.0 1.0 1.0 1.0 1.0 1.0 1.0 1.0 1.0 1.0 1.0 1.0 1.0 1.0 1.0 1.0 1.0 1.0 1.0 1.0 1.0 1.0 1.0 1.0 1.0 1.0 1.08946005227 1.19803111327 1.24106415307 1.29985408944 1.3427338835 1.38623295438 1.40531430433 1.4458791256 1.45951071592 1.47095127266 1.50312692365 1.542931863 1.57087879803 1.58749133531 1.63017680816 1.63767564488 1.66328741688 1.68912228086 1.70476327421 1.74880139216 1.79270725337 1.81732094052 1.83140591763 1.85787178716 1.86915692811 1.88412428125 1.92143803068 1.95116683153 

Round: 68
-1.09805925554e-17 0.0578562774191 0.0645283316637 0.115254905605 0.136093785332 0.153223799732 0.164374396493 0.212372029381 0.22906783867 0.238866392026 0.274644384363 0.292893218813 0.31740448682 0.327575886202 0.363810604925 0.38740660351 0.428602636346 0.443424617987 0.470414794521 0.483720200637 0.576018872402 0.641602060622 0.685271922015 0.791470841942 0.865995357933 1.0 1.0 1.0 1.0 1.0 1.0 1.0 1.0 1.0 1.0 1.0 1.0 1.0 1.0 1.0 1.0 1.0 1.0 1.0 1.0 1.0 1.0 1.0 1.0 1.0 1.0 1.0 1.0 1.0 1.0 1.0 1.0 1.0 1.0 1.0 1.0 1.0 1.0 1.0 1.0 1.0 1.0 1.0 1.13409543223 1.21071523306 1.3255554777 1.35843949761 1.43036667881 1.52779317137 1.53710399593 1.54718720761 1.57129739492 1.61204072416 1.6513550193 1.67017305524 1.6844988793 1.70710678119 1.72530264191 1.75748000382 1.76463862033 1.78787610433 1.83092361103 1.84640214796 1.8625610448 1.8804222413 1.92369906668 1.95507805951 1.97599366454 

Round: 69
-3.15604476147e-17 4.8012818551e-17 0.0622699128483 0.0968665759678 0.107796316507 0.151746393915 0.163660516459 0.19535325381 0.201660254027 0.211965924096 0.231213939949 0.259699768438 0.340357254137 0.378983467316 0.40206261876 0.422987317708 0.435179235508 0.512356103604 0.529470722824 0.572808114604 0.615081285141 0.623942037462 0.73088950242 0.767379979191 0.807942664568 0.843388196305 1.0 1.0 1.0 1.0 1.0 1.0 1.0 1.0 1.0 1.0 1.0 1.0 1.0 1.0 1.0 1.0 1.0 1.0 1.0 1.0 1.0 1.0 1.0 1.0 1.0 1.0 1.0 1.0 1.0 1.0 1.0 1.0 1.0 1.0 1.0 1.0 1.0 1.0 1.0 1.0 1.0 1.15422524687 1.16340074521 1.21457143936 1.27424194318 1.40646038612 1.41389215869 1.44494882677 1.50750085733 1.51920400901 1.57253449788 1.58503298462 1.59837015336 1.64757344125 1.70069798491 1.71129273446 1.73402083857 1.76818524991 1.79435390681 1.80716155034 1.81615093232 1.85394760968 1.86306975426 1.89263553685 1.92705857688 1.96440727979 2.0 

Round: 70
2.22044604925e-16 0.0636490618186 0.0951041707008 0.104038561863 0.132873056279 0.146045492687 0.198209729161 0.218838293473 0.269032872141 0.27271744315 0.289607278614 0.327053923468 0.360072350718 0.387575212116 0.425741916204 0.444529528822 0.476631872382 0.488536028959 0.543100519039 0.560254356402 0.565741454089 0.597373498019 0.605700798421 0.661529760468 0.727914142958 0.746947158636 0.846434704242 0.881629501468 1.0 1.0 1.0 1.0 1.0 1.0 1.0 1.0 1.0 1.0 1.0 1.0 1.0 1.0 1.0 1.0 1.0 1.0 1.0 1.0 1.0 1.0 1.0 1.0 1.0 1.0 1.0 1.0 1.0 1.0 1.0 1.0 1.0 1.0 1.0 1.0 1.0 1.17168300001 1.18807439339 1.23060003578 1.30785474479 1.33526668937 1.3697933122 1.40255931571 1.42853441806 1.43077359711 1.49742649665 1.51772186827 1.52956203409 1.56255372522 1.57838628417 1.63358534876 1.67072835419 1.69451879856 1.70828694874 1.74103183253 1.76759187924 1.77280347255 1.77964791615 1.80447763279 1.82516186209 1.86128563816 1.88881101646 1.91027210448 1.95412459418 

Round: 71
-1.73472347598e-17 0.0401320488582 0.0553455155063 0.0897281739084 0.103488018269 0.132007972986 0.149424050534 0.161170768363 0.168288901362 0.183503419072 0.233282667709 0.237382996037 0.311193988781 0.343120769671 0.358793035172 0.398508653175 0.424867400226 0.473554208428 0.498572922567 0.52534264253 0.591798014937 0.643981610905 0.655915039257 0.681481565288 0.706286857786 0.761814317684 0.848054807109 0.895624397628 1.0 1.0 1.0 1.0 1.0 1.0 1.0 1.0 1.0 1.0 1.0 1.0 1.0 1.0 1.0 1.0 1.0 1.0 1.0 1.0 1.0 1.0 1.0 1.0 1.0 1.0 1.0 1.0 1.0 1.0 1.0 1.0 1.0 1.0 1.0 1.0 1.0 1.18498636823 1.19158967367 1.24216537236 1.24516286181 1.31652377065 1.35558670183 1.38004666435 1.41914683517 1.46376298191 1.51163951067 1.55464696173 1.58813546995 1.60049001072 1.63268091087 1.65395140762 1.68347413673 1.76055968074 1.76605377013 1.7890334665 1.80842981347 1.81649658093 1.84860922081 1.86256397351 1.88378556667 1.90132207766 1.94715369992 1.95848723069 1.96085051695 

Round: 72
6.24500451352e-17 0.0614791585096 0.0872007392624 0.102852253552 0.124759474289 0.16499468738 0.183038638407 0.234462657319 0.257131659078 0.27747636229 0.311113257223 0.338116888268 0.357929765552 0.367375245951 0.399511642214 0.425207708436 0.456475040402 0.513123171585 0.537451161449 0.556950460891 0.597097841313 0.610463603659 0.615597212283 0.693635556174 0.702009813251 0.736619065743 0.767276459054 0.811070518902 0.842981162785 0.868026196712 0.894192788734 1.0 1.0 1.0 1.0 1.0 1.0 1.0 1.0 1.0 1.0 1.0 1.0 1.0 1.0 1.0 1.0 1.0 1.0 1.0 1.0 1.0 1.0 1.0 1.0 1.0 1.0 1.0 1.0 1.0 1.0 1.0 1.03209303239 1.13540221377 1.15322675916 1.20381392293 1.20684632439 1.31592764494 1.34360219311 1.37071654925 1.3890555764 1.40952359603 1.43514007161 1.4620755563 1.48046289325 1.49713644288 1.54261729072 1.56260866519 1.57920763598 1.63673163413 1.64648237467 1.67715311913 1.68465700328 1.71111598514 1.74500039171 1.77447800064 1.80413006687 1.83215085724 1.86154564494 1.87765904612 1.88783222088 1.90306266621 1.94292443005 

Round: 73
-4.4408920985e-16 0.0601029047382 0.0687288056415 0.12097116724 0.170854279617 0.19236838249 0.202924728558 0.25273229769 0.280772299714 0.292893218813 0.300832516362 0.322034217965 0.431515365335 0.444320371412 0.454855181071 0.479199057738 0.564101657876 0.573207280611 0.605556297625 0.63699856624 0.640997494536 0.647292708191 0.671914903567 0.697207939709 0.745197276082 0.765677118704 0.821853603518 0.868990690933 0.914079747648 1.0 1.0 1.0 1.0 1.0 1.0 1.0 1.0 1.0 1.0 1.0 1.0 1.0 1.0 1.0 1.0 1.0 1.0 1.0 1.0 1.0 1.0 1.0 1.0 1.0 1.0 1.0 1.0 1.0 1.0 1.0 1.0 1.0 1.0 1.0 1.09036435575 1.1572596157 1.1812458611 1.22875338847 1.24169813041 1.2892799539 1.33520525116 1.34384780823 1.35708591494 1.37786534486 1.41506569392 1.45077300437 1.51057134662 1.51746107303 1.57416631267 1.59307180045 1.59829043966 1.6720773358 1.69617460724 1.69992020404 1.70710678119 1.73774443585 1.76921148793 1.78302638038 1.82835582129 1.84008434514 1.87866845056 1.93970468435 1.95774009138 

Round: 74
-1.11022302463e-16 0.0511320429604 0.0919682583837 0.103129027081 0.129488780178 0.141917589745 0.180210619401 0.209067232239 0.231150220576 0.268751180029 0.275924238884 0.282382911006 0.304133268307 0.375467912989 0.395254628411 0.419009252972 0.460915798886 0.484534450919 0.496274031873 0.524649554071 0.545579868301 0.594051657339 0.616068008386 0.685730976719 0.726074670192 0.751504812816 0.812649142704 0.846129090055 0.858868827276 0.907383034424 1.0 1.0 1.0 1.0 1.0 1.0 1.0 1.0 1.0 1.0 1.0 1.0 1.0 1.0 1.0 1.0 1.0 1.0 1.0 1.0 1.0 1.0 1.0 1.0 1.0 1.0 1.0 1.0 1.0 1.0 1.0 1.0 1.0 1.08859559882 1.13456747046 1.14193688991 1.1807311564 1.24395369184 1.30388395438 1.32464386312 1.36478297512 1.43769086967 1.45201061745 1.45974426233 1.4835147925 1.5151326614 1.56671436774 1.57451131824 1.60641762827 1.62621433393 1.70938479047 1.72514583625 1.72820125557 1.7400005379 1.78113456843 1.8003236212 1.81458425653 1.84375753559 1.8691145378 1.90060632122 1.91512478505 1.93175095231 1.96642346296 

Round: 75
1.11022302463e-16 0.0618770209456 0.0690839493478 0.0857030245999 0.12040085281 0.139840136336 0.169788199568 0.201857556203 0.209122524782 0.256180147386 0.284364872727 0.292893218813 0.323064050241 0.381950033053 0.425041133015 0.445570697048 0.459687576257 0.47500369392 0.529731540362 0.583577723855 0.587352995875 0.603445655394 0.619505300993 0.673676803093 0.727870523205 0.819992714047 0.825008451669 0.856948293421 1.0 1.0 1.0 1.0 1.0 1.0 1.0 1.0 1.0 1.0 1.0 1.0 1.0 1.0 1.0 1.0 1.0 1.0 1.0 1.0 1.0 1.0 1.0 1.0 1.0 1.0 1.0 1.0 1.0 1.0 1.0 1.0 1.0 1.0 1.0 1.0 1.0 1.17492956846 1.1786435357 1.26582139301 1.34153417664 1.37290229852 1.38321786536 1.39767043176 1.41464433177 1.42760363313 1.48233387961 1.52580496494 1.54572237593 1.55918772528 1.57411704853 1.6083007712 1.63854983723 1.70113413095 1.70710678119 1.74031242374 1.76913164251 1.78991138854 1.79686478513 1.82556163499 1.84117243968 1.89328134883 1.91542608555 1.92955964939 1.97101516346 

Round: 76
2.01227923213e-16 0.0522771747523 0.0633506314736 0.0798703582403 0.126628298495 0.14382701413 0.184677051247 0.192735879506 0.224708176792 0.231559172879 0.267865981833 0.291983141101 0.308413267914 0.316270748018 0.377149364876 0.409747853825 0.454068851635 0.46573619517 0.50364027553 0.583634777621 0.597205804693 0.650534969694 0.655144461092 0.722059341854 0.735540664294 0.789121808279 0.858276335932 0.93893940049 1.0 1.0 1.0 1.0 1.0 1.0 1.0 1.0 1.0 1.0 1.0 1.0 1.0 1.0 1.0 1.0 1.0 1.0 1.0 1.0 1.0 1.0 1.0 1.0 1.0 1.0 1.0 1.0 1.0 1.0 1.0 1.0 1.0 1.0 1.0 1.0 1.0 1.06022718953 1.1207601614 1.20898524464 1.24409908655 1.28289940116 1.37398895381 1.38189957421 1.41791226434 1.5 1.50450087526 1.5279003561 1.58766005809 1.62199718394 1.67425816709 1.67704479135 1.69892462046 1.70871994433 1.72939740604 1.76660266064 1.77236953277 1.79285335727 1.81240604397 1.82161106711 1.84531620136 1.85903270553 1.87698113914 1.93986290282 1.96682210971 

