2016-08-18 15:09:22 Round: 1
-4.76169966296e-16 -2.79818708571e-16 -1.79502588183e-16 -1.40376517685e-16 -8.57779519756e-17 -1.71028948079e-17 2.53161207275e-17 9.06827621073e-17 1.70516467372e-16 3.04147500066e-16 3.77072551389e-16 4.22262896044e-16 0.0584500421942 0.110659859765 0.118355037616 0.145527667286 0.156848546208 0.165571801264 0.179860240708 0.191254202646 0.208192433826 0.248182886267 0.284031836177 0.291367237768 0.314241008013 0.322501339284 0.380409360417 0.420005258862 0.4292456588 0.470032241631 0.510856825485 0.544961890482 0.558081948122 0.576109962557 0.612712014681 0.626819803215 0.632831860248 0.651679369951 0.699120830837 0.734641546457 0.808929756425 1.0 1.0 1.0 1.0 1.0 1.0 1.0 1.0 1.0 1.0 1.0 1.0 1.0 1.0 1.0 1.0 1.0 1.0 1.0 1.0 1.0 1.0 1.25430249688 1.26522316772 1.29892350003 1.31796180712 1.3559525313 1.37419691076 1.39867604427 1.43248822279 1.44443135487 1.4608558296 1.49977285658 1.52410498806 1.53584914489 1.5898817946 1.63152191311 1.6510491511 1.6873988589 1.70842496714 1.71647834071 1.75858367947 1.79472387962 1.80798573583 1.82091286717 1.83612759815 1.84319273342 1.85799235139 1.89015106183 1.90984066624 1.91697620167 1.96453687759 

2016-08-18 17:09:59 Round: 2
-1.88434337578e-16 -1.55340768633e-16 -1.33938209662e-16 -1.05035112391e-16 -5.00233187408e-17 -2.98847386002e-17 -2.93310700797e-17 2.67370092005e-17 5.3341755448e-17 8.85498830995e-17 1.79760720198e-16 2.05031347207e-16 2.47288691766e-16 2.97091975102e-16 0.0243754777247 0.0639856289954 0.114272757253 0.131099431635 0.159571835839 0.197756270961 0.219150166479 0.260344524809 0.276864448092 0.292893218813 0.292893218813 0.325710783759 0.364914359393 0.447815033401 0.493224905496 0.620887257641 0.648198675941 0.746660565148 0.789798389521 1.0 1.0 1.0 1.0 1.0 1.0 1.0 1.0 1.0 1.0 1.0 1.0 1.0 1.0 1.0 1.0 1.0 1.0 1.0 1.0 1.0 1.0 1.0 1.0 1.0 1.0 1.0 1.0 1.0 1.0 1.0 1.0 1.0 1.0 1.0 1.0 1.0 1.0 1.0 1.0 1.21019896049 1.25329150599 1.35185773923 1.37912827918 1.50675106746 1.55218488372 1.63522378094 1.67422756501 1.70710678119 1.70710678119 1.72313138271 1.73972586122 1.78079113406 1.80222375844 1.84042036018 1.8695634508 1.88496366673 1.93304091991 1.98567768631 1.99296748552 

2016-08-18 19:10:07 Round: 3
-3.52176656833e-16 -3.19241962393e-16 -3.10785591235e-16 -3.02596294222e-16 -2.23524070144e-16 -2.11257447701e-16 -1.96767172684e-16 -6.05914996077e-17 -4.52648531736e-17 -2.86831435094e-17 -1.10139341553e-17 2.89888555868e-17 7.15441178982e-17 8.28484668509e-17 9.55441913588e-17 1.48534410087e-16 1.70000778022e-16 1.83689853841e-16 3.17133025212e-16 3.57048468877e-16 0.0382890304813 0.0522439653579 0.0670060868476 0.0911345867032 0.128474409976 0.131407900909 0.151236107236 0.172159568095 0.198622506416 0.209757660239 0.25807509154 0.259930219344 0.341701854441 0.381946599486 0.391641744677 0.435390353151 0.449404251339 0.48674295384 0.549972805511 0.578654085118 0.622856036123 0.695796480102 0.847566496958 1.0 1.0 1.0 1.0 1.0 1.0 1.0 1.0 1.0 1.0 1.0 1.0 1.0 1.0 1.0 1.0 1.0 1.0 1.0 1.0 1.0 1.0 1.0 1.0 1.0 1.0 1.15247708443 1.32046407912 1.40033846779 1.43662623934 1.45120902867 1.50609099715 1.54441838092 1.56436806207 1.6093114862 1.61779577326 1.66060766306 1.74015737647 1.74239059583 1.7865361869 1.79328877451 1.82755630401 1.8429099467 1.86858333148 1.87153720705 1.90776677794 1.92735250265 1.93434257445 1.95992612493 1.99393424117 

2016-08-18 21:10:34 Round: 4
-4.33619931559e-16 -2.57270853135e-16 -2.38270669307e-16 -2.21872258766e-16 -1.43786458442e-16 -9.81622298105e-17 -6.45787745169e-17 0.0 7.0955053277e-18 1.65586690677e-17 9.49725450255e-17 1.02906836462e-16 1.64672566276e-16 1.70939007638e-16 1.86763222596e-16 2.81600477715e-16 4.42205302239e-16 5.61613329853e-16 0.0403849935071 0.0703888159481 0.105893172879 0.119440586331 0.127819235586 0.184318761922 0.192734189769 0.204975462594 0.246805781949 0.280422667484 0.292893218813 0.311590377012 0.3299973539 0.389427674114 0.396541284968 0.417945105494 0.460290331349 0.521988790046 0.527685264725 0.59204093055 0.710842049373 0.735742307251 1.0 1.0 1.0 1.0 1.0 1.0 1.0 1.0 1.0 1.0 1.0 1.0 1.0 1.0 1.0 1.0 1.0 1.0 1.0 1.0 1.0 1.0 1.0 1.0 1.0 1.0 1.0 1.0 1.0 1.26191005056 1.29226048471 1.39378881683 1.47279896072 1.50495038109 1.53635783915 1.57107612518 1.60344015501 1.62670533165 1.66728279382 1.69199418296 1.70710678119 1.7261871615 1.75415922563 1.78450710401 1.81259080808 1.82058710737 1.8601207838 1.88508595615 1.89295447796 1.93167355371 1.95983811069 1.98245545267 2.0 

2016-08-18 23:10:46 Round: 5
-5.16365669339e-16 -4.83831744882e-16 -2.91448826616e-16 -2.880326796e-16 -6.31460653259e-17 -3.67641868941e-17 -1.7769824301e-17 1.09966971684e-17 2.47539039192e-17 3.70041847227e-17 8.71185299025e-17 1.13619668997e-16 1.21611680677e-16 4.18823304776e-16 4.42546294402e-16 7.38104404601e-16 0.0337746750899 0.0647267060627 0.0844632181669 0.0952579422347 0.118247958039 0.133974596216 0.151894057985 0.165876492745 0.185438775838 0.191781154769 0.23823546273 0.270433495362 0.292893218813 0.292893218813 0.292893218813 0.317193823306 0.329280200454 0.40927781138 0.430888068533 0.462837611419 0.480336973152 0.504048788751 0.550628489535 0.607459915485 0.627720176603 0.711716948433 0.870312416883 0.898730890848 1.0 1.0 1.0 1.0 1.0 1.0 1.0 1.0 1.0 1.0 1.0 1.0 1.0 1.0 1.0 1.0 1.0 1.0 1.0 1.0 1.10126910915 1.12968758312 1.28828305157 1.3722798234 1.39254008452 1.44937151046 1.49595121125 1.51966302685 1.53716238858 1.56911193147 1.59072218862 1.67071979955 1.68280617669 1.70710678119 1.70710678119 1.70710678119 1.72956650464 1.76176453727 1.80821884523 1.81456122416 1.83412350725 1.84810594201 1.86602540378 1.88175204196 1.90474205777 1.91553678183 1.93527329394 1.96622532491 2.0 

2016-08-19 01:11:18 Round: 6
-4.0624271017e-16 -2.74107256544e-16 -2.30524500717e-16 -1.9655398931e-16 -9.44552162103e-17 -8.19053660735e-17 -5.48053196193e-17 -2.94423023751e-17 2.59457077506e-17 1.13264792203e-16 1.2905135234e-16 1.66034918283e-16 2.38165368029e-16 5.25033512596e-16 0.048926149099 0.0852152449217 0.101019579146 0.114943875234 0.145143866049 0.16830895046 0.198404355406 0.221223052868 0.240690120312 0.263065837271 0.290866994359 0.292893218813 0.292893218813 0.337073039638 0.358088861085 0.369450085992 0.401545802114 0.4360143474 0.440032290136 0.467345480119 0.493207494297 0.525438756163 0.53438789655 0.664430895489 0.682720859134 0.721119573068 0.752099360615 0.774639330087 0.901671782211 1.0 1.0 1.0 1.0 1.0 1.0 1.0 1.0 1.0 1.0 1.0 1.0 1.0 1.0 1.0 1.0 1.0 1.0 1.0 1.0 1.09832821779 1.22536066991 1.24790063939 1.27888042693 1.31727914087 1.33556910451 1.46561210345 1.47456124384 1.5067925057 1.53265451988 1.55996770986 1.5639856526 1.59845419789 1.63054991401 1.64191113892 1.66292696036 1.70710678119 1.70710678119 1.70913300564 1.73693416273 1.75930987969 1.77877694713 1.80159564459 1.83169104954 1.85485613395 1.88505612477 1.89898042085 1.91478475508 1.9510738509 2.0 

2016-08-19 03:11:26 Round: 7
-8.91093714428e-16 -4.30428265481e-16 -4.22039588191e-16 -4.14183289302e-16 -3.1506914832e-16 -3.07968232829e-16 -1.88902466893e-16 -6.06559553166e-17 -3.07805896979e-17 -9.80853876276e-18 1.85671056383e-16 2.3053378067e-16 2.72862110592e-16 3.73019062878e-16 5.33418271826e-16 0.0583895288885 0.0723247553408 0.101505834349 0.114911722726 0.172828956295 0.213914317739 0.229107440948 0.237709057424 0.255814650805 0.262198438611 0.269176672012 0.286178050813 0.337132605542 0.373753901365 0.394771802424 0.467415962297 0.508314117551 0.529604752864 0.549467327268 0.574883106832 0.608735650445 0.666041532043 0.767182716946 0.814556753009 0.868167226195 1.0 1.0 1.0 1.0 1.0 1.0 1.0 1.0 1.0 1.0 1.0 1.0 1.0 1.0 1.0 1.0 1.0 1.0 1.0 1.0 1.0 1.0 1.0 1.0 1.0 1.0 1.1318327738 1.18544324699 1.23281728305 1.33395846796 1.39126434955 1.42511689317 1.45053267273 1.47039524714 1.49168588245 1.5325840377 1.60522819758 1.62624609863 1.66286739446 1.71382194919 1.73082332799 1.73780156139 1.7441853492 1.76229094258 1.77089255905 1.78608568226 1.82717104371 1.88508827727 1.89849416565 1.92767524466 1.94161047111 2.0 2.0 

2016-08-19 05:11:37 Round: 8
-4.36820628087e-16 -2.38734558694e-16 -2.24661774885e-16 -1.94603516688e-16 -1.57520230247e-16 -1.26197003603e-16 -1.13411537245e-16 -9.62033966962e-17 -4.19801456006e-17 3.88504187414e-18 3.32966362763e-17 5.52558535552e-17 9.31063973328e-17 1.25237155494e-16 1.58566008851e-16 2.13137858423e-16 3.16574193672e-16 0.0395166724626 0.0810678962402 0.110758999006 0.129343763878 0.148389496117 0.176036679175 0.213609841324 0.228918917082 0.258942303532 0.261494825337 0.292893218813 0.292893218813 0.311613637747 0.331731703123 0.36983520101 0.395069563065 0.423151410499 0.439196613397 0.490508654263 0.517233961288 0.56224151757 0.591297072918 0.602074572477 0.644819576226 0.649764076952 0.69235735213 0.714680510055 0.735204800558 0.892851755389 1.0 1.0 1.0 1.0 1.0 1.0 1.0 1.0 1.0 1.0 1.0 1.0 1.0 1.0 1.0 1.0 1.10679248095 1.27040635052 1.29021641952 1.30145798655 1.33377826188 1.36794191816 1.39704990338 1.40033447392 1.45845153169 1.48137878148 1.50945571819 1.55804983688 1.57630288775 1.61137262308 1.61908262452 1.64668064406 1.68929773614 1.70710678119 1.70710678119 1.72997661819 1.76598374232 1.77009248476 1.78995245287 1.82375801103 1.8510444164 1.86896521004 1.89418202881 1.92037094195 1.96679813563 1.98911440649 2.0 

2016-08-19 07:12:10 Round: 9
-3.6837730117e-16 -3.23717331472e-16 -8.28330459779e-17 -3.65741572459e-17 1.44622897711e-17 5.46712615151e-17 1.15750652132e-16 1.7280842705e-16 2.73905022533e-16 4.97133311011e-16 5.34133315442e-16 0.0365990961234 0.077758949197 0.0880808084823 0.13474668475 0.146096543984 0.154406444499 0.171221347665 0.208613651876 0.237509262604 0.243875907803 0.285922992194 0.292893218813 0.300460691218 0.315420129553 0.349438237087 0.386891515343 0.438618179917 0.452707349205 0.467577929634 0.497542124414 0.514065518108 0.564093813322 0.58003629454 0.597385825036 0.622496114576 0.639964188424 0.644857366799 0.683392731012 0.714607312112 0.751073488932 1.0 1.0 1.0 1.0 1.0 1.0 1.0 1.0 1.0 1.0 1.0 1.0 1.0 1.0 1.0 1.0 1.0 1.0 1.0 1.0 1.24904418065 1.28534681636 1.31645955926 1.3550664377 1.3599099311 1.37706351747 1.40726356843 1.41855804619 1.42513765103 1.48144486144 1.50155565859 1.5307514556 1.54079772866 1.55614214467 1.61008084937 1.66142632924 1.68486415329 1.69249685653 1.70710678119 1.74741059933 1.76101097431 1.77757942241 1.79834210247 1.82132749909 1.83334969968 1.85676144888 1.86480486716 1.91171499026 1.91245759807 1.9634567176 1.99291383675 2.0 

2016-08-19 09:12:31 Round: 10
-3.40879484265e-16 -2.03377590326e-16 -1.64850344879e-16 -1.09821436387e-16 -8.01337765983e-17 -4.79384191898e-17 -2.93711360913e-17 4.65316399887e-17 6.6390888162e-17 8.27604543617e-17 9.99405390101e-17 1.24182758926e-16 2.55601786864e-16 3.393219924e-16 4.11026954661e-16 4.58037964512e-16 5.79997443462e-16 0.0391611787381 0.0678152896571 0.117081318237 0.150007148703 0.161743787894 0.177634992572 0.188874212383 0.190050343739 0.222623890628 0.250875626034 0.269093281519 0.288360265547 0.292893218813 0.348465539559 0.377790094853 0.406299989939 0.422632112245 0.463489122013 0.476989511966 0.518481191845 0.520806259097 0.585669564639 0.619047560869 0.648969751403 0.740125657789 0.849861183885 1.0 1.0 1.0 1.0 1.0 1.0 1.0 1.0 1.0 1.0 1.0 1.0 1.0 1.0 1.0 1.0 1.0 1.0 1.0 1.0 1.0 1.0 1.0 1.15013881612 1.25987434221 1.3510302486 1.38095243913 1.41433043536 1.4791937409 1.48151880815 1.52301048803 1.53651087799 1.57736788775 1.59370001006 1.62220990515 1.65153446044 1.70710678119 1.71163973445 1.73090671848 1.74912437397 1.77737610937 1.80994965626 1.81112578762 1.82236500743 1.83825621211 1.8499928513 1.88291868176 1.93218471034 1.96083882126 2.0 

2016-08-19 11:12:56 Round: 11
-2.85307691725e-16 -2.45892059289e-16 -1.56223931745e-16 -1.23395198211e-16 -1.00795656751e-16 -9.04533493742e-17 -8.68380400983e-17 -8.03950887704e-17 -4.11591191188e-17 -4.00550914009e-22 0.0 2.90071954424e-18 4.00272908404e-17 1.04774343999e-16 1.147112875e-16 1.41189770149e-16 1.71180945935e-16 1.84597700473e-16 2.12425749739e-16 3.04981651473e-16 3.80907023234e-16 0.0237271837077 0.0508792259691 0.0747172591805 0.116839583786 0.121788969321 0.146413985932 0.149571275364 0.171617888134 0.183503419072 0.218129674689 0.226942113498 0.274143216412 0.292893218813 0.292893218813 0.328870545603 0.377734785276 0.407780003529 0.436594222646 0.451649762064 0.475704763565 0.518743839796 0.530307249879 0.595668450977 0.602022947132 0.670162168064 0.7192790351 0.740527791338 0.844912707197 1.0 1.0 1.0 1.0 1.0 1.0 1.0 1.0 1.0 1.0 1.0 1.0 1.0 1.0 1.0 1.16760185125 1.21141533291 1.32357350722 1.36964111499 1.39858558804 1.40664389545 1.47033164146 1.4963263532 1.50989200658 1.5487120709 1.57856836506 1.59239424065 1.62361210932 1.67108915441 1.70710678119 1.70710678119 1.7155212735 1.7757061828 1.78305876641 1.81649658093 1.82989148419 1.84343748061 1.85362090419 1.87120054568 1.88315923955 1.9083215661 1.93283881482 1.97361311874 1.9865147438 

2016-08-19 13:13:15 Round: 12
-3.86089255222e-16 -3.36791912394e-16 -1.57692092823e-16 -1.37665302663e-16 -1.3687775065e-16 -5.62946800223e-17 -4.61964655299e-17 -4.09202577411e-17 6.26323882264e-17 9.68686930674e-17 1.05020330914e-16 1.94120900457e-16 2.00503486381e-16 0.0377010533506 0.0611650170314 0.0970466133129 0.116883110645 0.186350344949 0.197798089431 0.213132160949 0.232139270161 0.256056572274 0.25811430821 0.28759745281 0.304241692461 0.317159838897 0.367932314714 0.375382492039 0.393041919705 0.414523285388 0.467623993893 0.474319549274 0.5 0.512992861482 0.531501683909 0.534816890946 0.55972813169 0.62654979314 0.666549859591 0.710288193917 0.765619773907 0.768348173227 1.0 1.0 1.0 1.0 1.0 1.0 1.0 1.0 1.0 1.0 1.0 1.0 1.0 1.0 1.0 1.0 1.0 1.0 1.0 1.0 1.0 1.23161268259 1.23439643821 1.29682592288 1.33415210359 1.37441174556 1.41547336908 1.44665198477 1.46892683863 1.5 1.5101969125 1.52183049964 1.52823368953 1.56706446918 1.60380490332 1.61692145681 1.67599499305 1.68244231751 1.7121237328 1.71366844515 1.73709973965 1.7639918433 1.77106665175 1.7994513618 1.81254984254 1.82658695479 1.87025448491 1.90086075748 1.90887507435 1.95419273043 1.98573361288 

2016-08-19 15:13:48 Round: 13
-9.82953963291e-16 -6.37294036987e-16 -5.59851822926e-16 -3.43969594267e-16 -2.80967860913e-16 -6.37150894702e-17 5.59631106071e-19 7.11062960083e-19 1.24330464207e-16 1.46827782771e-16 2.86796941161e-16 3.10852284399e-16 6.88706113137e-16 8.21933666961e-16 0.044671130084 0.0659415992162 0.0866313150992 0.11559329815 0.133032621014 0.141605265568 0.147739253264 0.189288358801 0.205431010514 0.231956414702 0.246483158252 0.270299990946 0.292893218813 0.304243584045 0.449863769723 0.459079157633 0.48175673934 0.502740784964 0.533765182229 0.572344289234 0.646998612182 0.659819862617 0.700435758678 0.798931937028 0.922723665467 1.0 1.0 1.0 1.0 1.0 1.0 1.0 1.0 1.0 1.0 1.0 1.0 1.0 1.0 1.0 1.0 1.0 1.0 1.0 1.0 1.0 1.0 1.0 1.0 1.0 1.0 1.0 1.06851716219 1.18242674269 1.30057457826 1.3403503939 1.36553014988 1.42937976469 1.45565187549 1.49716289241 1.52088283153 1.5378395379 1.58792387147 1.69139331855 1.70710678119 1.72974397089 1.74604614812 1.76927354291 1.79500949948 1.8107740579 1.85149502216 1.85833323925 1.86673896001 1.89052540115 1.91814347999 1.93685781862 1.94653907187 1.99150990994 2.0 

2016-08-19 17:13:56 Round: 14
-4.36783422323e-16 -2.57548576482e-16 -2.16420449799e-16 -1.61015963695e-16 -1.22289577072e-16 -1.09982056448e-16 -6.82972552707e-17 -4.51841755259e-17 8.46612707044e-18 2.24050429488e-17 2.84230015314e-17 8.96782417086e-17 1.11022302463e-16 1.16570691968e-16 1.54055127103e-16 1.88709517723e-16 2.07180232173e-16 2.86962188404e-16 3.04771941947e-16 4.27807408776e-16 0.0759305576526 0.105018583458 0.111128111828 0.139479535276 0.164940407752 0.172807299103 0.183503419072 0.187402746495 0.246396029002 0.254870665611 0.285409156821 0.306113164236 0.349416548202 0.389862991977 0.415503330068 0.449174388342 0.4593233662 0.523004157621 0.54142862971 0.599518398246 0.611898163892 0.658209758815 0.717290749364 0.760116969618 0.791604559178 0.924135916019 1.0 1.0 1.0 1.0 1.0 1.0 1.0 1.0 1.0 1.0 1.0 1.0 1.0 1.0 1.0 1.0 1.0 1.0 1.0 1.11874591456 1.16957733444 1.20774954315 1.23262087883 1.27077586128 1.32180091942 1.38380852171 1.40576121648 1.45518578096 1.48927032867 1.55803932309 1.568278158 1.57657085429 1.59591932026 1.67155041804 1.67667041099 1.72179701545 1.72590135955 1.73881213414 1.77549367052 1.81649658093 1.82166838251 1.82853600916 1.84953234863 1.8686300642 1.87647290298 1.89693346074 1.95391368345 

2016-08-19 19:14:14 Round: 15
-2.9037537322e-16 -2.53490740023e-16 -1.5092094241e-16 -1.33054516474e-16 -5.43423276067e-17 -3.76364871561e-17 -4.96851781902e-18 2.15996812296e-17 6.28893788205e-17 1.10165221196e-16 1.51905303299e-16 1.67115269512e-16 0.0470403354703 0.0890082459611 0.121913277582 0.128691096537 0.142440546009 0.16882374738 0.188087899899 0.198690468216 0.221609965709 0.250874328471 0.281828984633 0.290906116793 0.292893218813 0.323124812442 0.365383569495 0.382445410635 0.441125944452 0.453619961238 0.479824143941 0.518710146807 0.566497601684 0.587989844588 0.646871092633 0.685142501557 0.698221028265 0.705117989001 0.7157227843 0.74220468225 0.820086677909 1.0 1.0 1.0 1.0 1.0 1.0 1.0 1.0 1.0 1.0 1.0 1.0 1.0 1.0 1.0 1.0 1.0 1.0 1.0 1.0 1.0 1.0 1.20717542681 1.24138765431 1.28102445889 1.30214033345 1.30435343174 1.32898807751 1.35575550389 1.40579509795 1.436197217 1.47943968041 1.50772020217 1.55760338224 1.59331849521 1.6153860227 1.62810642898 1.64601533764 1.70673623631 1.70710678119 1.72741048258 1.74760223149 1.7944255253 1.80799313934 1.81870509137 1.83578595823 1.85251252466 1.8690664797 1.89592974518 1.91247861917 1.92617472227 1.95276928964 

2016-08-19 21:14:38 Round: 16
-6.75381875775e-16 -4.94834564986e-16 -3.72002973652e-16 -2.53851435121e-16 -1.97097305639e-16 -1.79660928927e-16 -6.76896904081e-17 -3.68063611441e-18 1.28150693268e-17 4.19874447114e-17 7.47844253796e-17 8.66684808657e-17 1.20767051106e-16 1.5443345354e-16 2.4347383798e-16 3.9231466446e-16 5.61090399401e-16 7.94840893541e-16 0.0450653074685 0.0753057055373 0.0890069686862 0.118277325601 0.144027206371 0.183324334348 0.214265589743 0.243512200821 0.251098898509 0.258887571856 0.269063310381 0.323428401967 0.340768696307 0.390302546229 0.418897383346 0.434899187589 0.449734835552 0.507676045329 0.553814755632 0.606874086567 0.696970662088 0.722484558236 0.75422616305 0.803928161188 1.0 1.0 1.0 1.0 1.0 1.0 1.0 1.0 1.0 1.0 1.0 1.0 1.0 1.0 1.0 1.0 1.0 1.0 1.0 1.0 1.0 1.0 1.0 1.0 1.0 1.0 1.15934594817 1.24527907841 1.27714670377 1.30647927123 1.3906743243 1.46911809487 1.49178062265 1.55526908493 1.5749744383 1.58172184703 1.60621164135 1.66615478323 1.67811253551 1.7335614907 1.74089508307 1.74578131587 1.75844104813 1.79805248405 1.81681145026 1.86641334857 1.87829751296 1.89735511353 1.92700639898 1.95163504303 1.98764143471 

2016-08-19 23:14:55 Round: 17
-4.11226099065e-16 -1.46591136432e-16 -1.36913524213e-16 -8.70102572868e-17 -4.15993337433e-17 -3.01807524855e-17 -5.14752037348e-18 7.52030731616e-17 8.59523959101e-17 1.07955529106e-16 1.11944688597e-16 1.25157005044e-16 1.38746131387e-16 1.76556758372e-16 2.37440275774e-16 3.99493825433e-16 0.0332677414984 0.0585830521003 0.0724737694699 0.105027062726 0.1366243445 0.152180321497 0.187817991196 0.216790250412 0.234621711672 0.24078053198 0.275083790719 0.292893218813 0.304951222834 0.350029936383 0.39471456388 0.438763243516 0.442324707321 0.475641444066 0.508477843141 0.527741372383 0.553748067708 0.607641532136 0.670400234692 0.680993599529 0.731528217333 1.0 1.0 1.0 1.0 1.0 1.0 1.0 1.0 1.0 1.0 1.0 1.0 1.0 1.0 1.0 1.0 1.0 1.0 1.0 1.0 1.0 1.0 1.0 1.0 1.0 1.0 1.26847178267 1.31900640047 1.32959976531 1.39235846786 1.44625193229 1.47225862762 1.49152215686 1.52435855593 1.55767529268 1.56123675648 1.60528543612 1.64997006362 1.69504877717 1.70710678119 1.72491620928 1.75921946802 1.76537828833 1.78320974959 1.8121820088 1.8478196785 1.8633756555 1.89497293727 1.92752623053 1.9414169479 1.9667322585 2.0 

2016-08-20 01:15:18 Round: 18
-4.79645176837e-16 -3.24559767414e-16 -2.97239596402e-16 -2.6146730653e-16 -1.98230652562e-16 -1.95987548767e-16 -1.50624611083e-16 -1.04592373182e-16 -8.30526068488e-17 -1.09899819992e-17 1.12302079272e-17 8.38810443946e-17 9.5970146739e-17 1.17147968573e-16 1.84556403858e-16 2.41531548057e-16 4.06344222783e-16 4.34315346892e-16 5.01306023233e-16 5.04530217501e-16 0.040936783448 0.0706710147593 0.0967732881354 0.135482593886 0.141690107888 0.162791863499 0.183503419072 0.207009702355 0.228035884538 0.258360695449 0.292893218813 0.292893218813 0.292893218813 0.30893506197 0.374764293023 0.421147392272 0.452057039299 0.478662027564 0.53790685484 0.554299550002 0.61298909331 0.631862636091 0.656997401667 0.731729288392 0.83204566958 1.0 1.0 1.0 1.0 1.0 1.0 1.0 1.0 1.0 1.0 1.0 1.0 1.0 1.0 1.0 1.0 1.0 1.0 1.0 1.0 1.0 1.0 1.16795433042 1.26827071161 1.34300259833 1.36813736391 1.38701090669 1.44570045 1.46209314516 1.52133797244 1.5479429607 1.57885260773 1.62523570698 1.69106493803 1.70710678119 1.70710678119 1.70710678119 1.74163930455 1.77196411546 1.79299029765 1.81649658093 1.8372081365 1.85830989211 1.86451740611 1.90322671186 1.92932898524 1.95906321655 2.0 

2016-08-20 03:15:47 Round: 19
-7.30359270906e-16 -7.25779907938e-16 -6.79796236033e-16 -4.37274361347e-16 -2.06143169344e-16 -1.23238562375e-16 -8.321439956e-17 -4.6569982265e-17 5.94264013675e-17 3.56031105389e-16 6.06068293953e-16 6.4650858512e-16 7.43921127794e-16 7.92930305691e-16 9.65583742087e-16 9.96934137932e-16 1.21821696595e-15 0.0573802737767 0.112709742613 0.145767003409 0.15500784984 0.18755147073 0.20575670847 0.241912948423 0.253436186647 0.258972482307 0.308794449882 0.325895358232 0.352317130429 0.353450718039 0.382861589575 0.415143047048 0.44397332839 0.447504265446 0.506830863465 0.529495985094 0.592270572958 0.618349094458 0.634612186834 0.658207476809 0.69428434262 0.775635497997 0.780974892018 1.0 1.0 1.0 1.0 1.0 1.0 1.0 1.0 1.0 1.0 1.0 1.0 1.0 1.0 1.0 1.0 1.0 1.0 1.0 1.0 1.0 1.0 1.0 1.21868192783 1.22401540523 1.3168383907 1.34227192512 1.36624957816 1.39350164181 1.42515209216 1.46574045695 1.47955006813 1.5473555071 1.55897592181 1.58493590162 1.61772237237 1.64644373035 1.64857620927 1.6716632426 1.69065798748 1.74095815906 1.74748192366 1.75812862055 1.79391900005 1.81611910695 1.84574856559 1.85660805809 1.88096025507 1.92903431494 1.99361417184 

2016-08-20 05:16:55 Round: 20
-8.44138443171e-16 -4.50598159734e-16 -4.15351923069e-16 -1.62034014678e-16 -9.58649467666e-17 -2.64882249731e-17 4.59700414772e-16 5.63203028704e-16 5.97604729679e-16 7.35285430826e-16 8.37493662202e-16 1.07477852948e-15 1.14595276779e-15 1.94033429342e-15 0.0600215813568 0.0655327173481 0.0899120649101 0.119495679207 0.134228005506 0.159474517032 0.199327311934 0.22283253515 0.22588622803 0.242556264471 0.268239944203 0.327944844197 0.361033864805 0.408039889153 0.422782507413 0.464638042 0.5 0.504080163326 0.538926518701 0.560962078587 0.599317072443 0.662199472633 0.728135634145 0.765665719332 0.806346168882 0.82620210481 1.0 1.0 1.0 1.0 1.0 1.0 1.0 1.0 1.0 1.0 1.0 1.0 1.0 1.0 1.0 1.0 1.0 1.0 1.0 1.0 1.0 1.0 1.0 1.0 1.0 1.0 1.12274504258 1.19145091901 1.2323492881 1.28703299571 1.36202740857 1.40818460398 1.43533686515 1.47126381004 1.5 1.50191897153 1.52749667456 1.58531515537 1.59263543748 1.63891288112 1.67594317314 1.73154625602 1.75438054721 1.77575335825 1.78204531652 1.80271349158 1.84158011151 1.86601446958 1.87655214543 1.91009091861 1.93146531438 1.93779629931 1.99366761568 

2016-08-20 07:20:08 Round: 21
-4.5014881204e-16 -3.78557232681e-16 -2.59641103523e-16 -1.99721343363e-16 -1.09127129718e-16 -7.67413463685e-17 -4.9808005326e-17 -3.47147134201e-17 1.85599098434e-17 2.83437839405e-17 4.24159872714e-17 5.34602756818e-17 7.61026617319e-17 1.18389339302e-16 1.46546573604e-16 1.90957188321e-16 1.94373281056e-16 2.4064357096e-16 3.56411483043e-16 0.034486608958 0.053011715669 0.0967881893884 0.138113151322 0.166493196788 0.18421186052 0.197043991111 0.226277681296 0.272665124705 0.292893218813 0.292893218813 0.32069584384 0.324747817542 0.350835725615 0.407616805978 0.449751274694 0.467231015571 0.515891465018 0.586931008603 0.63930494195 0.673545105323 0.70582172062 0.717372904238 0.828793160442 1.0 1.0 1.0 1.0 1.0 1.0 1.0 1.0 1.0 1.0 1.0 1.0 1.0 1.0 1.0 1.0 1.0 1.0 1.0 1.0 1.0 1.0 1.0 1.0 1.17120683956 1.28262709576 1.29417827938 1.32645489468 1.36069505805 1.4130689914 1.48410853498 1.53276898443 1.55024872531 1.59238319402 1.64916427438 1.67525218246 1.67930415616 1.70710678119 1.70710678119 1.7273348753 1.7737223187 1.80295600889 1.81578813948 1.83350680321 1.86188684868 1.90321181061 1.94698828433 1.96551339104 2.0 2.0 

2016-08-20 09:21:15 Round: 22
-3.71699876816e-16 -3.17660108343e-16 -1.86013093898e-16 -1.60895602397e-16 -4.59584014704e-17 -3.36102673471e-17 -1.32308351662e-17 -1.30104260698e-17 6.44001316863e-17 7.62212189471e-17 1.29492778659e-16 3.27741595035e-16 0.0433102181418 0.066280191918 0.0947191829453 0.099875666346 0.118186526647 0.170116104951 0.196421455198 0.205368149051 0.240375981381 0.334556772128 0.36601369577 0.37836952554 0.44379440413 0.47203934409 0.508237126224 0.520797692731 0.537953487758 0.574190899355 0.631058255346 0.667694828031 0.704268581337 0.830937365564 0.849049221715 1.0 1.0 1.0 1.0 1.0 1.0 1.0 1.0 1.0 1.0 1.0 1.0 1.0 1.0 1.0 1.0 1.0 1.0 1.0 1.0 1.0 1.0 1.0 1.0 1.0 1.0 1.0 1.0 1.0 1.0 1.0 1.0 1.0 1.0 1.15095077828 1.16906263444 1.29573141866 1.33230517197 1.36894174465 1.42580910064 1.46204651224 1.47920230727 1.49176287378 1.52796065591 1.55620559587 1.62163047446 1.63398630423 1.66544322787 1.75962401862 1.79463185095 1.8035785448 1.82988389505 1.88181347335 1.90012433365 1.90528081705 1.93371980808 1.95668978186 2.0 

2016-08-20 11:26:10 Round: 23
-3.30036985003e-16 -9.14710012718e-17 -5.69038601135e-17 -3.56265197772e-17 -7.11146612951e-18 0.0 9.45029702159e-17 1.34753072775e-16 1.45798708544e-16 1.60088839985e-16 2.07827532231e-16 2.57447682317e-16 2.60731467558e-16 2.7835555476e-16 4.83793701617e-16 5.57979990755e-16 6.25963722641e-16 7.21752294878e-16 0.0648802449622 0.0976791532847 0.129384568519 0.16498103085 0.196748517267 0.198132737198 0.239511677449 0.247636301351 0.253146702404 0.286069321294 0.292893218813 0.318368813109 0.344660378496 0.397704872356 0.412689888804 0.420116484978 0.468896258827 0.500828232792 0.51764011747 0.551166831547 0.606200002375 0.615555469362 0.635183627732 0.692849616915 0.738351609628 0.872283497264 0.912758973848 1.0 1.0 1.0 1.0 1.0 1.0 1.0 1.0 1.0 1.0 1.0 1.0 1.0 1.0 1.0 1.0 1.0 1.0 1.0 1.0 1.08724093892 1.12771270064 1.26164220583 1.30717104897 1.36479902575 1.38424042107 1.39388793331 1.45472107424 1.46606382948 1.50274485409 1.51844485329 1.58353263297 1.59351704952 1.60229330503 1.65512549215 1.68455107141 1.70577001125 1.70710678119 1.75015676995 1.7524419648 1.78663588861 1.78800050828 1.80299251672 1.85354898925 1.88387910949 1.88577768503 1.92692014132 1.99276304854 

2016-08-20 13:29:47 Round: 24
-5.86044055683e-16 -5.73767326772e-16 -1.79616786955e-16 -1.57487045431e-16 -1.52795864318e-16 -1.42566922166e-16 -6.1871850969e-17 -1.97345212146e-17 -7.26712372401e-18 2.84463029733e-17 1.42700316118e-16 1.61421465475e-16 2.17327907824e-16 3.10654545484e-16 0.0521985903501 0.105614656203 0.123888759431 0.128535023992 0.135675471255 0.187174712687 0.206971605649 0.218546763651 0.282522274167 0.301563320732 0.360421832841 0.368353889177 0.401435285044 0.444237446084 0.452901266123 0.521573628998 0.55488900136 0.591205777281 0.627234970887 0.643697241152 0.677522990511 0.709742814993 0.738274107317 0.834878389653 0.904994332989 1.0 1.0 1.0 1.0 1.0 1.0 1.0 1.0 1.0 1.0 1.0 1.0 1.0 1.0 1.0 1.0 1.0 1.0 1.0 1.0 1.0 1.0 1.0 1.0 1.0 1.0 1.0 1.09057539423 1.1770680639 1.25362012841 1.28221719168 1.33462879669 1.34744965707 1.38696355627 1.43052626605 1.46724698347 1.48760944693 1.56414147835 1.56987940978 1.60947807347 1.62945958682 1.65590778346 1.69603875363 1.70085180122 1.77684296266 1.78876690705 1.80674958649 1.83905781393 1.86735223959 1.87439817587 1.88746801832 1.92523439144 1.97641338071 2.0 

2016-08-20 15:31:10 Round: 25
-6.53805243694e-16 -6.34751778147e-16 -5.59137980462e-16 -3.37830917832e-16 -3.3484621179e-16 -2.96224267476e-16 -2.84445613293e-16 -1.81789733126e-16 -1.26169974653e-16 -1.13601856216e-16 9.57554178587e-17 3.35126241785e-16 4.03737734294e-16 0.0541241409035 0.0938827132651 0.112703402443 0.125918104605 0.137668808384 0.165056861292 0.17819920447 0.19810986476 0.199286055292 0.252395089889 0.295960102057 0.316916075771 0.330257946911 0.383227667551 0.407259960585 0.4141318797 0.430714820459 0.461121830706 0.472624521519 0.509807483709 0.521317229767 0.538685341726 0.602951957603 0.618028530922 0.682265092151 0.704689962164 0.715976276993 0.750071628788 0.837047231015 0.930936037461 1.0 1.0 1.0 1.0 1.0 1.0 1.0 1.0 1.0 1.0 1.0 1.0 1.0 1.0 1.0 1.0 1.0 1.0 1.0 1.07799261181 1.15265061676 1.25146924124 1.27010706923 1.30902260387 1.32407891928 1.34905925714 1.41737434172 1.44024915153 1.4577464499 1.48415049281 1.51682452406 1.56515808433 1.5806455704 1.59766744017 1.62047402183 1.63139468591 1.67055653962 1.69738677866 1.73451269124 1.74774233858 1.79445363833 1.8006401173 1.8095882489 1.82203351474 1.8388072332 1.87618161422 1.89207172555 1.90341439498 1.93796522643 1.98724503339 

2016-08-20 17:32:16 Round: 26
-5.07641854469e-16 -3.86886489022e-16 -3.15360784694e-16 -2.98196213397e-16 -1.90371290716e-16 -1.60579848761e-16 -1.01550841575e-16 3.6243284623e-17 1.8266837396e-16 1.97626966385e-16 2.83334377445e-16 3.37529314841e-16 3.87760019461e-16 4.57530385482e-16 5.03205286187e-16 0.0547092184425 0.13752764087 0.166889330021 0.1881256997 0.193415930262 0.22516535485 0.232578270615 0.276583101616 0.29784480152 0.305221245813 0.309945503908 0.35407799197 0.369060006618 0.436936810316 0.457698031807 0.490636592718 0.492629893821 0.538853120419 0.540162970985 0.590442121602 0.628113611612 0.634789003375 0.665938330863 0.68673953593 0.738038859366 0.770950929582 0.848978461792 0.892662273477 1.0 1.0 1.0 1.0 1.0 1.0 1.0 1.0 1.0 1.0 1.0 1.0 1.0 1.0 1.0 1.0 1.0 1.0 1.0 1.0 1.10742391098 1.15111677221 1.231543071 1.26512519105 1.29645451212 1.35128009084 1.35244166403 1.36761656901 1.40674765886 1.42920178452 1.46920984871 1.47820896006 1.53894526233 1.59351941102 1.61117911729 1.61758430412 1.64581194595 1.66631146222 1.68727652965 1.69851023605 1.73077553001 1.76413123997 1.78526282141 1.81145767473 1.81329095652 1.84353521344 1.86327548826 1.91986888562 1.97817924414 2.0 

2016-08-20 19:33:58 Round: 27
-2.91619969627e-16 -2.33263641045e-16 -1.34068468615e-16 -1.32489505478e-16 -5.9631173453e-17 -4.82077033764e-17 -1.76182853029e-17 8.35554458406e-18 3.42050980051e-17 3.83152919379e-17 1.62478950406e-16 1.71175924197e-16 2.03994896744e-16 2.83537074688e-16 3.25694401483e-16 0.0307494893973 0.0577929626386 0.08615047365 0.101851619897 0.12865028484 0.137968996549 0.193254805432 0.205079073845 0.217372689925 0.228027770618 0.240084099061 0.292893218813 0.300941649123 0.327265603672 0.332703141574 0.351471466172 0.382777254111 0.431965461411 0.499923553193 0.529681363354 0.537384546686 0.573277935241 0.631458407947 0.640222557632 0.830448277287 0.909513061827 1.0 1.0 1.0 1.0 1.0 1.0 1.0 1.0 1.0 1.0 1.0 1.0 1.0 1.0 1.0 1.0 1.0 1.0 1.0 1.0 1.0 1.0 1.0 1.0 1.0 1.09048693817 1.16955172271 1.35977744237 1.36854159205 1.42672206476 1.46261545331 1.47031863665 1.50007644681 1.56803453859 1.61722274589 1.64852853383 1.66729685843 1.67273439633 1.69905835088 1.70710678119 1.75991590094 1.77197222938 1.78262731008 1.79492092616 1.80674519457 1.86203100345 1.87134971516 1.8981483801 1.91384952635 1.94220703736 1.9692505106 2.0 

2016-08-20 21:37:08 Round: 28
-3.75718685563e-16 -2.43209594165e-16 -2.31009034746e-16 -2.01375370333e-16 -1.55188386277e-16 -1.49580809745e-16 -1.41508951251e-16 -4.55782963718e-17 -4.11324313202e-17 -2.43520216848e-17 3.24009415384e-17 3.75356846967e-17 5.68581766911e-17 6.13124032811e-17 9.70238839636e-17 1.42230784617e-16 2.21733635158e-16 3.21998809785e-16 3.39023082837e-16 0.0553589055522 0.086333829779 0.115899709533 0.132405845977 0.150020397107 0.173215328814 0.184492201866 0.188215810302 0.198388355958 0.232363263849 0.247613566556 0.261057691876 0.273235754299 0.281690397578 0.338539837054 0.366985224881 0.370591454913 0.430926924821 0.477371152917 0.575258889238 0.58699777163 0.646691420902 0.655122384106 0.700858719531 0.762900245677 0.778739873467 0.905279375867 1.0 1.0 1.0 1.0 1.0 1.0 1.0 1.0 1.0 1.0 1.0 1.0 1.0 1.0 1.0 1.0 1.0 1.0 1.0 1.09472062413 1.22126012653 1.23709975432 1.29914128047 1.34487761589 1.3533085791 1.41300222837 1.42474111076 1.52262884708 1.56907307518 1.62940854509 1.63301477512 1.66146016295 1.71830960242 1.7267642457 1.73894230812 1.75238643344 1.76763673615 1.80161164404 1.8117841897 1.81550779813 1.82678467119 1.84997960289 1.86759415402 1.88410029047 1.91366617022 1.94464109445 2.0 

2016-08-20 23:37:50 Round: 29
-7.30380409536e-16 -3.44228047641e-16 -3.30488222513e-16 -2.24735556584e-16 -2.08024105276e-16 -1.41426432012e-16 -6.10668776134e-17 -5.65202056308e-17 0.0 2.24540216038e-17 1.42904792583e-16 1.61080488986e-16 2.50822135024e-16 2.7406170018e-16 4.19273840525e-16 0.0435063521893 0.0667294445805 0.0932799434054 0.123363546173 0.139220486162 0.150705174376 0.163536167676 0.177001215559 0.215629738761 0.233325037282 0.250504946963 0.257852929345 0.268723159838 0.325187971774 0.353357650174 0.433873880277 0.446773908721 0.452563662357 0.482277600305 0.491768809167 0.550686231726 0.604458911769 0.616619423981 0.652403698783 0.697400438646 0.740449490953 0.855422239964 1.0 1.0 1.0 1.0 1.0 1.0 1.0 1.0 1.0 1.0 1.0 1.0 1.0 1.0 1.0 1.0 1.0 1.0 1.0 1.0 1.0 1.0 1.0 1.14457776004 1.25955050905 1.30259956135 1.34759630122 1.38338057602 1.39554108823 1.44931376827 1.50823119083 1.51772239969 1.54743633764 1.55322609128 1.56612611972 1.64664234983 1.67481202823 1.73127684016 1.74214707066 1.74949505304 1.76667496272 1.78437026124 1.82299878444 1.83646383232 1.84929482562 1.86077951384 1.87663645383 1.90672005659 1.93327055542 1.95649364781 2.0 

2016-08-21 01:38:45 Round: 30
-4.73780596442e-16 -4.57902221374e-16 -3.56621722303e-16 -2.3733653955e-16 -1.99619481539e-16 -1.05578169915e-16 -2.66486378942e-17 -2.10335221454e-17 -3.37150590383e-18 0.0 1.46199925888e-17 8.63022293329e-17 1.43076134709e-16 2.12950417618e-16 2.80543710238e-16 3.16751624265e-16 4.89674156699e-16 0.0639935959888 0.0929456470268 0.141352307797 0.164501647669 0.200524502718 0.211156899541 0.232026345213 0.247357722412 0.259375583212 0.292813538828 0.353494151438 0.378193069742 0.401530987746 0.43330942595 0.474996269995 0.521901827761 0.544482994623 0.592349174642 0.641177103227 0.701106554289 0.719314121443 0.752375470149 0.810380821694 0.916888169828 0.93930652522 1.0 1.0 1.0 1.0 1.0 1.0 1.0 1.0 1.0 1.0 1.0 1.0 1.0 1.0 1.0 1.0 1.0 1.0 1.0 1.0 1.0 1.0 1.0 1.0 1.06702454291 1.17036236652 1.18887724759 1.2574651361 1.26688380826 1.32295797217 1.39018030421 1.39610686938 1.45028083772 1.48741206529 1.53703583346 1.57605161408 1.60961358389 1.63085674416 1.66057703356 1.68040612555 1.70408099747 1.74456380549 1.76624860195 1.77606953498 1.79387541386 1.83376234352 1.8640452432 1.87825240788 1.90783866247 1.95231644618 2.0 

2016-08-21 03:39:09 Round: 31
-4.35404001387e-16 -2.84213139366e-16 -2.7139817416e-16 -1.95967914017e-16 -6.88468379528e-17 -6.77065601647e-17 -4.68769472686e-17 -4.06052368666e-17 1.25873583167e-17 6.6905087382e-17 9.71225563971e-17 1.51277513443e-16 2.11407481345e-16 3.83760242901e-16 4.15141213933e-16 0.00349816868763 0.0544914360968 0.108054947501 0.129728353338 0.150690108558 0.164203564292 0.201561283011 0.210272858562 0.231657906941 0.257179700069 0.300797111217 0.308987178865 0.338083202025 0.353365271588 0.373430874848 0.410308187746 0.435838615813 0.465836706132 0.51508564082 0.521555718492 0.567062434624 0.593724120659 0.634938933255 0.70054679956 0.738164293957 0.773393419591 0.800189327639 0.94657710665 1.0 1.0 1.0 1.0 1.0 1.0 1.0 1.0 1.0 1.0 1.0 1.0 1.0 1.0 1.0 1.0 1.0 1.0 1.0 1.0 1.0 1.0 1.07918768853 1.16874494217 1.20044640724 1.30015593682 1.3391562423 1.39335125779 1.40596413717 1.42566400817 1.44234862279 1.51958919868 1.53738713353 1.5731055664 1.62855202929 1.63634066027 1.63760049526 1.67686128635 1.69404605774 1.704130691 1.74187358163 1.76770318518 1.7933122665 1.80221757833 1.81924981187 1.84183658573 1.8507653988 1.87039706794 1.88514798526 1.97564090671 

2016-08-21 05:39:54 Round: 32
-6.7719076017e-16 -6.67632324142e-16 -6.17845194325e-16 -3.92926941113e-16 -3.56714105958e-16 -2.95151661031e-16 -2.08745799761e-16 -1.06604716532e-16 -8.46289152762e-17 -5.54628752718e-17 -5.07479856807e-17 -4.83491893077e-17 -8.09351955362e-18 3.91422987898e-17 1.1459617976e-16 1.75179063787e-16 4.9909491267e-16 5.11133423708e-16 0.029004503241 0.0662428070462 0.0907052984032 0.0993814570482 0.119877472457 0.123403521909 0.170881940113 0.196048173198 0.199696471783 0.217510439835 0.263021572223 0.269673169415 0.316792215282 0.344239245257 0.414024033997 0.417278185773 0.437503032942 0.456733528355 0.509011531188 0.571177823979 0.633310373773 0.640865499124 0.657558943277 0.799504956257 0.856001353167 1.0 1.0 1.0 1.0 1.0 1.0 1.0 1.0 1.0 1.0 1.0 1.0 1.0 1.0 1.0 1.0 1.0 1.0 1.0 1.0 1.0 1.0 1.0 1.0 1.12791643801 1.23800632248 1.33895009003 1.3599169232 1.3697276144 1.43580777352 1.50606577151 1.54424872056 1.56736568025 1.5917427539 1.60704107222 1.65019932186 1.68542346143 1.73050584299 1.73626804677 1.77201477334 1.78900047426 1.81171097571 1.82642954886 1.84810250503 1.87244829028 1.88705993969 1.92339947264 1.93595055803 1.95961951954 1.98563056043 

2016-08-21 07:41:08 Round: 33
-3.3028737182e-16 -2.72648612347e-16 -1.49814161919e-16 -1.3444688153e-16 -8.20306358707e-17 -4.03865309251e-17 -2.60847581993e-17 7.43038537032e-17 9.09916673258e-17 9.68573876561e-17 1.27777237903e-16 1.59377719355e-16 1.69029206682e-16 2.36131336809e-16 2.91742677511e-16 0.0595531844582 0.0942128347484 0.135059868846 0.145599907855 0.176863376826 0.182241836403 0.223895116826 0.242095362366 0.26644716024 0.296625850686 0.307292386859 0.345977224002 0.379681671865 0.409887962649 0.437203319423 0.453781114146 0.496455007336 0.527838057146 0.607994580536 0.647625039351 0.69062785825 0.757580206669 1.0 1.0 1.0 1.0 1.0 1.0 1.0 1.0 1.0 1.0 1.0 1.0 1.0 1.0 1.0 1.0 1.0 1.0 1.0 1.0 1.0 1.0 1.0 1.0 1.0 1.0 1.0 1.0 1.0 1.0 1.0 1.0 1.0 1.21118200461 1.32370311551 1.35326960722 1.43353976747 1.46525516598 1.50916304265 1.54301646206 1.58959373187 1.5908253361 1.62032445257 1.65905575609 1.69241984567 1.69613845841 1.75646869317 1.77019181337 1.77445688906 1.80728449789 1.81695192242 1.86339195231 1.86854007404 1.88082330041 1.914966457 1.97489872663 

2016-08-21 09:41:50 Round: 34
-3.27205137474e-16 -2.49754926742e-16 -1.92608515942e-16 -1.17076318723e-16 -9.16302725623e-17 -8.9708456556e-17 -4.36846511243e-17 0.0 2.22248906297e-17 1.26561046848e-16 1.86157513015e-16 2.62173303724e-16 2.85632015136e-16 3.24217810853e-16 5.44154233555e-16 5.53159948402e-16 0.0321633808868 0.0614948377288 0.07954309691 0.109819194933 0.121571592111 0.15541240489 0.18901410861 0.223876825628 0.234508067325 0.242753238587 0.292893218813 0.308787393029 0.368419325525 0.384504182421 0.435483582721 0.466386329625 0.487171803298 0.525884000338 0.567360823108 0.63986907925 0.6584101247 0.731799006574 0.789708982482 0.892981359861 1.0 1.0 1.0 1.0 1.0 1.0 1.0 1.0 1.0 1.0 1.0 1.0 1.0 1.0 1.0 1.0 1.0 1.0 1.0 1.0 1.0 1.0 1.0 1.0 1.0 1.0 1.0 1.0 1.11869970341 1.25434300336 1.29465140355 1.33600301663 1.36181534006 1.41056400687 1.48961083809 1.52217806574 1.54682664379 1.57274663397 1.59425200052 1.68454567482 1.70710678119 1.72734787475 1.73073548738 1.76405009315 1.77734364303 1.7929830912 1.8362245228 1.85158768429 1.87175122602 1.90294219441 1.93250311433 1.95765859944 1.96171339786 

2016-08-21 11:43:42 Round: 35
-5.27878826208e-16 -4.11554265173e-16 -2.53302987011e-16 -2.46976600531e-16 -2.21123522807e-16 -2.00332045448e-16 -1.85911807707e-16 -1.63683117364e-16 -1.33577673862e-16 -6.34444735406e-17 5.33167564431e-17 1.13405026051e-16 1.65866343902e-16 1.92043424933e-16 2.1832314345e-16 2.40351883655e-16 2.62022546729e-16 2.78312764819e-16 0.0387857311373 0.0810004274814 0.123047728919 0.143846695774 0.146870322163 0.185186116045 0.217408270901 0.231849194205 0.256577623532 0.292893218813 0.328463961831 0.366863976105 0.392998753334 0.407309737076 0.445502756916 0.463605324063 0.490282017866 0.542953319103 0.600014565967 0.627649950404 0.667983020009 0.777180253654 0.792129532261 0.818076267769 1.0 1.0 1.0 1.0 1.0 1.0 1.0 1.0 1.0 1.0 1.0 1.0 1.0 1.0 1.0 1.0 1.0 1.0 1.0 1.0 1.0 1.0 1.0 1.0 1.16576218854 1.19211980535 1.22474926561 1.32925806676 1.38089989221 1.40035186969 1.50179236761 1.52643116448 1.54022996716 1.57323895273 1.60336225205 1.61068762651 1.63073101194 1.66794229717 1.70710678119 1.74435722507 1.76810831229 1.78545727319 1.81726063821 1.84286846305 1.85591084154 1.8784913929 1.90467446656 1.92796208538 1.98176702748 2.0 2.0 

2016-08-21 13:44:03 Round: 36
-1.92435045359e-15 -1.00516381646e-15 -6.96586746336e-16 -6.19709596397e-16 -5.91750443891e-16 -5.07948717808e-16 -4.8730189947e-16 -3.43931892018e-16 -3.13620968538e-16 -2.32172872169e-16 -1.44255280221e-16 6.20491045473e-18 9.14829719169e-18 1.19973987274e-16 3.39662010312e-16 8.67728329485e-16 0.0373405532973 0.0695721771931 0.0917131587231 0.0951770391505 0.123153283275 0.139979936093 0.160047707793 0.178359138091 0.183503419072 0.183503419072 0.210040440039 0.242576736765 0.253354559017 0.275849610969 0.309749700748 0.412122869451 0.438132578776 0.466387751805 0.508824960909 0.517373629656 0.545693679688 0.62519836383 0.691926257928 0.699222329528 0.746482798256 1.0 1.0 1.0 1.0 1.0 1.0 1.0 1.0 1.0 1.0 1.0 1.0 1.0 1.0 1.0 1.0 1.0 1.0 1.0 1.0 1.0 1.0 1.0 1.0 1.0 1.0 1.25351720174 1.30077767047 1.30807374207 1.37480163617 1.45430632031 1.48262637034 1.49117503909 1.5336122482 1.56186742122 1.58787713055 1.69025029925 1.72415038903 1.74664544098 1.75742326323 1.78995955996 1.81649658093 1.81649658093 1.82164086191 1.83995229221 1.86002006391 1.87684671673 1.90482296085 1.90828684128 1.93042782281 1.9626594467 2.0 

2016-08-21 15:45:36 Round: 37
-4.87617637992e-16 -3.98117715407e-16 -3.54588592385e-16 -2.99858009219e-16 -2.06425078457e-16 -1.51972792597e-16 -1.42865563475e-16 -1.26960074398e-16 -1.06143392686e-16 -1.00812339597e-16 -4.95842778497e-17 -2.94620309186e-17 3.07024601124e-17 4.36739430567e-17 1.24969688161e-16 1.75856135716e-16 1.86728115345e-16 2.40608205756e-16 2.55372930684e-16 4.24601829924e-16 0.0525628816467 0.0547898098809 0.0888793673926 0.134135185701 0.148669828896 0.157002372375 0.179942659943 0.207171858709 0.218352398368 0.257681414071 0.316548150768 0.321434258165 0.354739510848 0.407668988293 0.435355273125 0.490858398226 0.509901555181 0.557251209888 0.568655667362 0.622187825709 0.626936692121 0.686155163965 0.718838537135 0.762256430636 0.837955601118 0.908580407753 1.0 1.0 1.0 1.0 1.0 1.0 1.0 1.0 1.0 1.0 1.0 1.0 1.0 1.0 1.0 1.0 1.0 1.0 1.0 1.0 1.08647700255 1.1823632867 1.23901260504 1.29324398881 1.3136440383 1.33501247304 1.38303794605 1.43603146667 1.44303642453 1.49175896171 1.50809462311 1.56968872522 1.58405163544 1.65734485155 1.67254929493 1.68702998159 1.75263160602 1.76894949903 1.79255355804 1.82916768308 1.83671283927 1.85468233385 1.86506824695 1.91706722512 1.93586317289 1.95778714498 1.98262793827 

2016-08-21 17:47:42 Round: 38
-5.73496333688e-16 -2.98740210032e-16 -2.14607395333e-16 -1.88109427723e-16 -1.07715735298e-16 -7.6642403702e-17 -1.8301456312e-17 4.93302598493e-17 5.68960682446e-17 1.39784851009e-16 1.43792935015e-16 1.86835266814e-16 2.24556273751e-16 2.80341488589e-16 4.0202971154e-16 4.72558927458e-16 5.88116636758e-16 0.0541094452757 0.0988712194906 0.101975909976 0.120598882311 0.164584859178 0.183437263202 0.201492128104 0.237746981202 0.279433286208 0.298492674432 0.32569715394 0.358543700599 0.421136150964 0.433611853563 0.472913086972 0.51368448416 0.535012673274 0.558384210108 0.574061742196 0.599446433532 0.665131349427 0.691871239633 0.69349177548 0.762263494609 0.789338606274 1.0 1.0 1.0 1.0 1.0 1.0 1.0 1.0 1.0 1.0 1.0 1.0 1.0 1.0 1.0 1.0 1.0 1.0 1.0 1.0 1.0 1.0 1.0 1.0 1.0 1.22237282481 1.24143634788 1.30718409978 1.30799656346 1.37575860741 1.40339067832 1.43449016676 1.46415956564 1.48612247785 1.5 1.52690993258 1.56651426518 1.57873425437 1.64137310613 1.67256072174 1.70130814898 1.70790841277 1.72464519491 1.7983077983 1.81455867286 1.83020255138 1.84781297444 1.88111099198 1.89992131207 1.93940923407 1.99048049221 

2016-08-21 19:48:03 Round: 39
-6.22548959724e-16 -5.65736693603e-16 -5.40401730506e-16 -4.02293143818e-16 -1.13170871932e-16 -1.07387093103e-16 -8.41221316631e-17 2.98298282062e-16 3.00974523082e-16 3.97792923957e-16 0.0467514120404 0.0797803033933 0.110399534855 0.117388664051 0.149885450105 0.183503419072 0.184803975141 0.201770118874 0.227831972165 0.243861128998 0.277240045412 0.30680140394 0.330626092221 0.339618301604 0.384433029383 0.415941284099 0.502965780585 0.535070025722 0.572813773374 0.607134307546 0.686039503042 0.734489386946 0.747821807803 0.775422519744 0.869765819745 1.0 1.0 1.0 1.0 1.0 1.0 1.0 1.0 1.0 1.0 1.0 1.0 1.0 1.0 1.0 1.0 1.0 1.0 1.0 1.0 1.0 1.0 1.0 1.0 1.0 1.0 1.0 1.0 1.0 1.0 1.0 1.13028059017 1.22537271424 1.25220271965 1.26550981855 1.31382149725 1.39311498229 1.42691512187 1.46493780867 1.49719710436 1.58405370878 1.61641714445 1.64932708215 1.67488187337 1.69975139866 1.71825232273 1.75731509661 1.77231142515 1.79789466643 1.81520855736 1.81649658093 1.85001465403 1.87718420246 1.89785297844 1.91423287182 1.96436853487 1.99292548484 2.0 

2016-08-21 21:48:26 Round: 40
-1.07815147995e-16 -9.30617758027e-17 -8.02309607639e-17 -1.02789871421e-17 0.0 3.52999614775e-19 1.36074237864e-17 8.03402669702e-17 9.0877688548e-17 1.44203278198e-16 1.95764915771e-16 2.69062585947e-16 2.6956136035e-16 2.80901871836e-16 4.30478255534e-16 4.40729148562e-16 8.67342308422e-16 0.0264344112265 0.0655659721755 0.106379773839 0.127116911949 0.156062204435 0.167126665355 0.178922555058 0.214050953206 0.234209390873 0.253624561597 0.292893218813 0.295263292354 0.332457792828 0.361705775387 0.424270467094 0.442844510473 0.476879690149 0.499839530096 0.504570703905 0.520244837974 0.561819174055 0.68332433434 0.698037813015 0.787585537178 1.0 1.0 1.0 1.0 1.0 1.0 1.0 1.0 1.0 1.0 1.0 1.0 1.0 1.0 1.0 1.0 1.0 1.0 1.0 1.0 1.0 1.0 1.0 1.0 1.0 1.0 1.0 1.21241446282 1.30196218699 1.31667566566 1.43818082595 1.47975516203 1.49542929609 1.5001604699 1.52312030985 1.55715548953 1.57572953291 1.63829422461 1.66754220717 1.70473670765 1.70710678119 1.7463754384 1.76579060913 1.78594904679 1.82107744494 1.83287333465 1.84393779557 1.87288308805 1.89362022616 1.93443402782 1.97356558877 2.0 

2016-08-21 23:48:46 Round: 41
-8.61483296236e-16 -4.37656202908e-16 -3.18538598276e-16 -1.86948148306e-16 -1.24215075027e-16 -8.34158734621e-17 5.33311607379e-17 8.3747082525e-17 1.41342768649e-16 3.55962725996e-16 0.0433015246047 0.0543165715424 0.0943473685586 0.130108157657 0.150582334271 0.157593032487 0.160765952053 0.175142258212 0.218822276327 0.250486583871 0.266128174967 0.329447737193 0.336904206895 0.378787285665 0.400066454584 0.438878711364 0.448414321263 0.455110810691 0.48929241514 0.512696206087 0.527813988981 0.549475494271 0.590144167974 0.601605794173 0.623356403982 0.667266884368 0.705233582284 0.770491993738 0.856155270814 0.936726236178 1.0 1.0 1.0 1.0 1.0 1.0 1.0 1.0 1.0 1.0 1.0 1.0 1.0 1.0 1.0 1.0 1.0 1.0 1.0 1.0 1.0 1.0 1.06327376382 1.14384472919 1.22950800626 1.29476641772 1.33273311563 1.37664359602 1.39839420583 1.40985583203 1.45052450573 1.47218601102 1.48730379391 1.51070758486 1.54488918931 1.55158567874 1.56112128864 1.59993354542 1.62121271433 1.6630957931 1.67055226281 1.73387182503 1.74951341613 1.78117772367 1.82485774179 1.83923404795 1.84240696751 1.84941766573 1.86989184234 1.90565263144 1.94568342846 1.9566984754 2.0 

2016-08-22 01:49:38 Round: 42
-2.97561830967e-16 -2.71623783279e-16 -1.50974585753e-16 -1.47618400153e-16 -1.18403176349e-16 -1.01284320867e-16 -8.59739694308e-17 -3.917946333e-17 0.0 7.41191584502e-19 7.57217425963e-18 4.11301881177e-17 5.1959651999e-17 8.3659280287e-17 9.96254976823e-17 1.63712850903e-16 1.83310650041e-16 1.98640765296e-16 2.65869055012e-16 0.038321761346 0.0706786757615 0.0938585724651 0.122037769482 0.134275393941 0.174099720575 0.180535770632 0.20087879427 0.217654307153 0.241598480431 0.292893218813 0.315660901252 0.322052121718 0.323846150431 0.365134364607 0.398571516082 0.456489065453 0.466129446692 0.499981762236 0.528534312068 0.593810116651 0.605932647777 0.634668481436 0.677987856429 0.706708391728 0.763884605502 0.812658677023 0.858306618795 0.952632645868 1.0 1.0 1.0 1.0 1.0 1.0 1.0 1.0 1.0 1.0 1.0 1.0 1.0 1.0 1.0 1.04736735413 1.14169338121 1.18734132298 1.2361153945 1.29329160827 1.32201214357 1.36533151856 1.39406735222 1.40618988335 1.47146568793 1.50001823776 1.53387055331 1.54351093455 1.60142848392 1.63486563539 1.67615384957 1.67794787828 1.68433909875 1.70710678119 1.75840151957 1.78234569285 1.79912120573 1.81946422937 1.82590027942 1.86572460606 1.87796223052 1.90614142753 1.92932132424 1.96167823865 2.0 

2016-08-22 03:51:11 Round: 43
-7.57808553094e-16 -5.95718971183e-16 -4.44710511762e-16 -3.97988698227e-16 -3.34099842193e-16 -3.06230017963e-16 -2.0110224708e-16 -1.12063549497e-16 -1.04333091065e-16 -6.20437157413e-17 -5.99764256018e-17 -2.82460089558e-17 1.52296950037e-17 5.00908923036e-17 5.73906920262e-17 9.69765100746e-17 1.292494528e-16 1.72973756428e-16 2.26736450266e-16 3.42636891921e-16 0.0313492167453 0.0545699032096 0.0816290029312 0.133387441348 0.133974596216 0.161139570804 0.176829697994 0.205279818508 0.220557549798 0.236603668256 0.247716874145 0.292893218813 0.292893218813 0.326367657885 0.346855037628 0.429378939046 0.448465797912 0.473727856922 0.542587559984 0.560509006544 0.616656810554 0.704740109019 0.761334187479 0.794942023314 0.850865260899 1.0 1.0 1.0 1.0 1.0 1.0 1.0 1.0 1.0 1.0 1.0 1.0 1.0 1.0 1.0 1.0 1.0 1.0 1.0 1.0 1.0 1.1491347391 1.20505797669 1.23866581252 1.29525989098 1.38334318945 1.43949099346 1.45741244002 1.52627214308 1.55153420209 1.57062106095 1.65314496237 1.67363234212 1.70710678119 1.70710678119 1.75228312586 1.76339633174 1.7794424502 1.79472018149 1.82317030201 1.8388604292 1.86602540378 1.86661255865 1.91837099707 1.94543009679 1.96865078325 2.0 2.0 

2016-08-22 05:53:50 Round: 44
-5.63445820154e-16 -2.97810221531e-16 -2.82637754508e-16 -1.33715108809e-16 -9.08220125781e-17 1.21760452736e-17 2.41232661249e-17 3.50354128376e-17 8.20192548832e-17 1.62505287354e-16 2.53083991531e-16 3.02659775002e-16 4.22061477906e-16 0.0236750952436 0.0878742769957 0.102119834633 0.117535629089 0.133974596216 0.13531353874 0.166928437789 0.182435039084 0.185425806374 0.240777144204 0.293066399017 0.295735264771 0.318157356065 0.360466363994 0.404842233082 0.406580931782 0.436207270298 0.463594595037 0.499835330765 0.530027112143 0.540199198729 0.554266704512 0.568478456336 0.629576879483 0.692835555857 0.816670938984 1.0 1.0 1.0 1.0 1.0 1.0 1.0 1.0 1.0 1.0 1.0 1.0 1.0 1.0 1.0 1.0 1.0 1.0 1.0 1.0 1.0 1.0 1.0 1.0 1.0 1.0 1.0 1.18335987289 1.30659820607 1.37023350485 1.4314577451 1.43639448224 1.46918731424 1.47503131216 1.50015417414 1.53271399312 1.56379177665 1.59509399785 1.61790423997 1.62055025981 1.68195900416 1.69567348009 1.70560052883 1.75105168116 1.81461369199 1.81836999632 1.83310440616 1.86602540378 1.87065735838 1.88232550693 1.90414775471 1.9219376916 1.96888985872 1.99657276885 

2016-08-22 07:54:08 Round: 45
-1.66002657211e-15 -9.27149340153e-16 -6.92566093228e-16 -5.39961793666e-16 -3.93946139328e-16 -1.72734508722e-16 -1.33316390972e-16 1.06997810168e-16 2.59792305398e-16 3.68796251107e-16 6.05697094848e-16 1.16797645921e-15 0.0267507784472 0.0602346264493 0.0935297647989 0.126148331716 0.13348100339 0.144119214889 0.151535385175 0.187723239883 0.208679293131 0.218518403058 0.239410900246 0.280902650392 0.289979016377 0.292893218813 0.292893218813 0.398331626721 0.410700093414 0.426710479259 0.46635148423 0.48920815744 0.53156663805 0.595255205563 0.609981502331 0.662808674151 0.677060392083 0.708172270181 0.780307893558 0.811333423078 0.903258678182 1.0 1.0 1.0 1.0 1.0 1.0 1.0 1.0 1.0 1.0 1.0 1.0 1.0 1.0 1.0 1.0 1.0 1.0 1.0 1.0 1.0 1.0 1.09677890176 1.18628557891 1.20834808609 1.29205174511 1.32567661428 1.35809097478 1.39114433024 1.41891956743 1.4571647398 1.49585956758 1.51292119404 1.58934710144 1.59458858171 1.61796687901 1.70710678119 1.70710678119 1.71601754464 1.75030392911 1.77977527789 1.78870315537 1.79470458911 1.81745880148 1.82093760205 1.84078692225 1.86036460408 1.89245809305 1.8994791447 1.92560678739 1.95029642358 1.98590413692 

2016-08-22 09:54:43 Round: 46
-2.46592393902e-16 -1.02823263097e-16 -5.22585447138e-17 -1.27232130157e-17 -4.93038065763e-32 1.86545171943e-17 1.04162762805e-16 1.25479788888e-16 1.33978260645e-16 1.73814220827e-16 2.77037731076e-16 0.0314641797768 0.062202639936 0.0837462291335 0.0964883284713 0.133947107455 0.150651648693 0.164970439437 0.171697457123 0.18567347275 0.208073476238 0.213162113969 0.243448703474 0.260064922653 0.269887841044 0.292893218813 0.306167066487 0.339335287175 0.428231533274 0.459765063916 0.522875175725 0.537490382385 0.552458816921 0.60194328741 0.633878746792 0.642734932414 0.707719922088 0.762914418924 0.86839041227 1.0 1.0 1.0 1.0 1.0 1.0 1.0 1.0 1.0 1.0 1.0 1.0 1.0 1.0 1.0 1.0 1.0 1.0 1.0 1.0 1.0 1.0 1.0 1.0 1.0 1.13160959405 1.23708590302 1.35577223517 1.363345895 1.37473945007 1.44496736694 1.45883457468 1.47711322498 1.5 1.54003802598 1.55456491522 1.57486566706 1.6938328738 1.70710678119 1.72271651803 1.73016600688 1.75628248856 1.78033095191 1.7913833242 1.81322083205 1.82811616806 1.83434930379 1.84468272969 1.86475443947 1.88980281602 1.91593796973 1.91980963043 1.96603529539 1.99625819388 

2016-08-22 11:54:57 Round: 47
-4.26213279605e-16 -3.20288182147e-16 -2.96489489588e-16 -2.91075336016e-16 -2.35589586221e-16 -2.21140398139e-16 -1.75912031652e-16 -1.19703422449e-16 -7.37462685095e-17 -5.38135539431e-17 -5.0511895629e-17 6.50100786546e-18 6.14187358327e-17 6.18806663411e-17 6.65092646401e-17 7.4948155682e-17 1.13021856038e-16 1.89670730274e-16 3.06451810198e-16 3.25859875872e-16 0.0268590567501 0.0547695751852 0.0836046154378 0.154582416771 0.166342569295 0.183503419072 0.196643939455 0.204145641339 0.253954586947 0.258272262704 0.27793099582 0.292893218813 0.303177600173 0.327515281326 0.364848072533 0.412972799233 0.43885309416 0.500613976968 0.507726624074 0.558459810258 0.597535075666 0.691797066223 0.720825447201 0.78098671419 0.892009952484 1.0 1.0 1.0 1.0 1.0 1.0 1.0 1.0 1.0 1.0 1.0 1.0 1.0 1.0 1.0 1.0 1.0 1.0 1.0 1.0 1.0 1.0 1.10799325693 1.2193140756 1.30769674165 1.39905927519 1.43116151407 1.48943094903 1.49270799953 1.5 1.50741156151 1.57196793811 1.58789331367 1.66639210335 1.69668065555 1.70710678119 1.7216741515 1.74170171173 1.74602727328 1.79581151348 1.80205734796 1.81649658093 1.83365537138 1.84069786429 1.85806210958 1.94268458951 1.969239172 1.9962523369 

2016-08-22 13:57:24 Round: 48
-9.94485361813e-16 -9.07177335573e-16 -2.6794217044e-16 -2.04422371158e-16 -8.25484713948e-17 -5.28313478205e-17 -1.38961512411e-17 1.67177246651e-16 2.17113701907e-16 4.02022165558e-16 5.19906788445e-16 1.57588728937e-15 0.0514001601684 0.0774348020929 0.108503716566 0.128309859782 0.148910169067 0.166548055417 0.208673991641 0.219863194489 0.24239285584 0.261012091473 0.28843603604 0.312076913371 0.361944658549 0.410760933023 0.426942422012 0.480099963034 0.501439016063 0.522060694556 0.548805838446 0.576760765799 0.59732580833 0.605441967675 0.621886747727 0.685931743101 0.700870423844 0.735143333226 0.807886763521 1.0 1.0 1.0 1.0 1.0 1.0 1.0 1.0 1.0 1.0 1.0 1.0 1.0 1.0 1.0 1.0 1.0 1.0 1.0 1.0 1.0 1.0 1.0 1.0 1.0 1.0 1.19035914573 1.26233630588 1.29873920073 1.31934456831 1.37005558358 1.38700843535 1.40161363574 1.42630210308 1.45142384229 1.47899243647 1.50074989513 1.54333109773 1.57876350406 1.59114174203 1.65948176385 1.69506753394 1.72600933472 1.73284282647 1.77081823811 1.77826597713 1.79261427183 1.81703048995 1.8395107434 1.85929029162 1.88325926027 1.91387340903 1.94802559589 1.98688584282 

2016-08-22 15:59:33 Round: 49
-3.04134668624e-16 -2.38925107341e-16 -2.18180301035e-16 -1.80010973938e-16 -1.28609338918e-16 -9.12570066241e-17 -6.03436881339e-17 -4.86946969465e-17 -3.67929074707e-17 -2.2904696816e-17 2.37948243813e-17 3.62057650322e-17 7.48402669913e-17 1.1725896971e-16 1.38903993356e-16 1.92101884405e-16 2.02834509623e-16 2.32910050579e-16 2.68893748934e-16 2.96389892301e-16 0.056343998889 0.0816484417119 0.116720868757 0.13995907087 0.158318947763 0.185608372881 0.19326585648 0.242192244061 0.268190488177 0.274977434226 0.325861572586 0.363839059984 0.400407415948 0.430058989192 0.478979159982 0.500826324228 0.54350362027 0.581654414129 0.605140113922 0.614466495605 0.627924215236 0.632011117767 0.700325207677 0.707474911465 0.795923470598 0.880595767303 0.962534826729 1.0 1.0 1.0 1.0 1.0 1.0 1.0 1.0 1.0 1.0 1.0 1.0 1.0 1.0 1.0 1.0 1.0 1.0 1.03746517327 1.1194042327 1.2040765294 1.29252508854 1.29967479232 1.36798888223 1.37207578476 1.38553350439 1.39485988608 1.41834558587 1.45649637973 1.49917367577 1.52102084002 1.56994101081 1.59959258405 1.63616094002 1.67413842741 1.72502256577 1.73180951182 1.75780775594 1.80673414352 1.81439162712 1.84168105224 1.86004092913 1.88327913124 1.91835155829 1.94365600111 2.0 

2016-08-22 18:02:04 Round: 50
-6.45475901198e-16 -5.03549588298e-16 -5.03241605776e-16 -4.70153746426e-16 -3.10118869505e-16 -2.90593468901e-16 -8.31659414601e-17 -7.41751671812e-17 -3.59486385285e-17 -2.51885906356e-17 1.03366489549e-17 2.84808403958e-17 4.8350644265e-17 1.0354631514e-16 1.88004858583e-16 2.3106395046e-16 3.54027112624e-16 3.94299668939e-16 4.62409061745e-16 0.0179130650072 0.0724905824533 0.0836016591549 0.116604340956 0.156754034405 0.17853239736 0.214874018174 0.235557349327 0.261935257697 0.29269211531 0.292893218813 0.292893218813 0.342834161957 0.353629317534 0.373853608463 0.42315046726 0.435388281456 0.467867301094 0.538290665114 0.564351169465 0.588205070159 0.592859501557 0.626336575705 0.690713955491 0.715599480442 0.829080207731 1.0 1.0 1.0 1.0 1.0 1.0 1.0 1.0 1.0 1.0 1.0 1.0 1.0 1.0 1.0 1.0 1.0 1.0 1.0 1.0 1.0 1.17091979227 1.28440051956 1.30928604451 1.3736634243 1.40714049844 1.41179492984 1.43564883054 1.46170933489 1.53213269891 1.56461171854 1.57684953274 1.62614639154 1.64637068247 1.65716583804 1.70710678119 1.70710678119 1.70730788469 1.7380647423 1.76444265067 1.78512598183 1.82146760264 1.8432459656 1.88339565904 1.91639834085 1.92750941755 1.98208693499 2.0 

2016-08-22 20:03:26 Round: 51
-4.30984186705e-16 -3.56529548006e-16 -3.03353467321e-16 -2.30723500699e-16 -2.28251704876e-16 -2.05956042432e-16 -1.41813796712e-16 -9.47848842739e-17 -4.05644829498e-17 0.0 1.37962436354e-17 4.73741483353e-17 6.74698450008e-17 9.78954715149e-17 1.17156001197e-16 1.32896143485e-16 1.9255718014e-16 2.07692920158e-16 2.16227480472e-16 3.00888633533e-16 4.22097587453e-16 4.35170449212e-16 0.0563376436663 0.101427100732 0.118405225336 0.151815025653 0.170043775546 0.183503419072 0.202175006231 0.219409482216 0.232756537745 0.247394500778 0.311624197506 0.319646900999 0.333464483583 0.364739157428 0.442398871004 0.466686206378 0.502872106028 0.524691725916 0.552989541888 0.662922796663 0.688577509 0.732604359948 0.835551653782 0.937963412086 1.0 1.0 1.0 1.0 1.0 1.0 1.0 1.0 1.0 1.0 1.0 1.0 1.0 1.0 1.0 1.0 1.0 1.0 1.0 1.0 1.0 1.0 1.10234845382 1.22990930679 1.3009971486 1.3228879919 1.4079012599 1.44892824657 1.46915620536 1.48717039721 1.53312635218 1.54030160788 1.56152498017 1.60666032385 1.66622728991 1.71440263755 1.74475262872 1.78183489464 1.79693242122 1.81014147807 1.81649658093 1.82135203842 1.8491946079 1.85441627823 1.88254795419 1.92167278712 1.96911548969 

2016-08-22 22:03:39 Round: 52
-1.34058473869e-15 -1.05313787095e-15 -6.89675732317e-16 -5.92882405497e-16 -5.34954409768e-16 -3.91665819954e-16 -3.48680604354e-16 -2.78528126983e-16 -2.03173309777e-16 -4.15016440092e-17 -3.81296036339e-17 5.15402819504e-16 5.6651518236e-16 7.69131963857e-16 1.53824803944e-15 0.0330955361316 0.0547567735886 0.0889153562778 0.117731778771 0.151400383339 0.188236403175 0.224566445976 0.230836333152 0.243262538025 0.314203034658 0.327770431452 0.343937890991 0.372037825415 0.406134041417 0.423231325076 0.425258042608 0.457528784406 0.482023264339 0.510440387347 0.552674623242 0.562919749297 0.632629011399 0.675452059157 0.696933264573 0.749319523396 0.821682730512 1.0 1.0 1.0 1.0 1.0 1.0 1.0 1.0 1.0 1.0 1.0 1.0 1.0 1.0 1.0 1.0 1.0 1.0 1.0 1.0 1.0 1.0 1.0 1.0 1.17689426218 1.24941384736 1.30084309126 1.34199921638 1.37053274605 1.42861112701 1.44681424536 1.4894976549 1.52288630191 1.54191130052 1.55553246865 1.5791635822 1.59516439782 1.62570537574 1.6506652424 1.67464013117 1.68760376183 1.75487250398 1.75759788777 1.7741084302 1.84009734514 1.8486375714 1.88323156208 1.91532806694 1.94511830475 1.96107549415 1.99507654314 2.0 

2016-08-23 00:04:50 Round: 53
-9.45177175035e-16 -5.26691866392e-16 -4.48355271609e-16 -4.19099461383e-16 -3.88638508881e-16 -2.90503916132e-16 -2.44447633391e-16 -2.14323061076e-16 -1.75349521232e-16 4.04654385008e-17 2.56277068923e-16 4.42116636503e-16 5.57726604965e-16 6.03709419977e-16 6.57759413057e-16 8.68795513396e-16 0.044745533215 0.0763131713559 0.0858932762793 0.12263149129 0.155121082932 0.168419763483 0.185531602622 0.202576902579 0.242733939999 0.250069116941 0.266318364095 0.283322874874 0.292893218813 0.365311700563 0.389130212127 0.424829909456 0.436654132184 0.452185852141 0.475773484274 0.480351203063 0.541300019508 0.557247548712 0.634573197149 0.638886702411 0.744787058171 0.838925461705 0.849430712654 1.0 1.0 1.0 1.0 1.0 1.0 1.0 1.0 1.0 1.0 1.0 1.0 1.0 1.0 1.0 1.0 1.0 1.0 1.0 1.0 1.0 1.0 1.15056928735 1.1610745383 1.25521294183 1.36111329759 1.36542680285 1.44275245129 1.45869998049 1.51964879694 1.52422651573 1.54781414786 1.56334586782 1.57517009054 1.61086978787 1.63468829944 1.70710678119 1.71667712513 1.73368163591 1.74993088306 1.75726606 1.79742309742 1.81446839738 1.83158023652 1.84487891707 1.87736850871 1.91410672372 1.92368682864 1.95525446679 2.0 

2016-08-23 02:06:13 Round: 54
-5.46945595773e-16 -4.85839172039e-16 -2.63927592344e-16 -1.10505247109e-16 -9.37565454715e-17 -8.99019884364e-17 -7.73508663791e-17 -4.24196004765e-17 0.0 1.67686217507e-18 1.70478733312e-16 2.54367017525e-16 2.63117518623e-16 3.6114501008e-16 3.88247236437e-16 4.96269370047e-16 5.65600836201e-16 6.02573489092e-16 0.0297559347342 0.0534973781371 0.105911890345 0.123999213831 0.146038100983 0.181313165037 0.200050381863 0.221200573899 0.244745869829 0.269056591765 0.292893218813 0.292893218813 0.292893218813 0.292893218813 0.29720145282 0.375387597601 0.447079178221 0.46509859627 0.509022932668 0.567282309885 0.570953066491 0.596140534676 0.64259220898 0.645354602127 0.719958059007 0.785756354477 0.815703412522 1.0 1.0 1.0 1.0 1.0 1.0 1.0 1.0 1.0 1.0 1.0 1.0 1.0 1.0 1.0 1.0 1.0 1.0 1.0 1.0 1.18429658748 1.21424364552 1.28004194099 1.35464539787 1.35740779102 1.40385946532 1.42904693351 1.43271769011 1.49097706733 1.53490140373 1.55292082178 1.6246124024 1.70279854718 1.70710678119 1.70710678119 1.70710678119 1.70710678119 1.73094340824 1.75525413017 1.7787994261 1.79994961814 1.81868683496 1.85396189902 1.87600078617 1.89408810966 1.94650262186 1.97024406527 2.0 

2016-08-23 04:08:55 Round: 55
-4.23680682764e-16 -3.04311361534e-16 -2.98571097826e-16 -2.30307635033e-16 -2.00107654376e-16 -1.79955872771e-16 -1.30786728175e-16 -7.03164881227e-17 -3.62080491209e-17 -3.31092009037e-17 -3.47508138353e-18 2.61987212366e-17 6.24702901532e-17 9.12791510995e-17 1.62780147934e-16 1.89914999202e-16 2.38032622407e-16 2.64683835697e-16 2.85137710035e-16 3.15333680156e-16 0.0429020965287 0.0760387214815 0.0782443766754 0.113210901746 0.124838156303 0.136278128433 0.198686453277 0.215520949535 0.224579731325 0.243844141906 0.296849078883 0.306392013746 0.335983635233 0.383101791869 0.416593355028 0.478078892201 0.515188319878 0.520360369763 0.561496574081 0.569458819635 0.621004208202 0.646562424894 0.664141234663 0.70231331172 0.739662781733 0.875542706014 1.0 1.0 1.0 1.0 1.0 1.0 1.0 1.0 1.0 1.0 1.0 1.0 1.0 1.0 1.0 1.0 1.0 1.0 1.0 1.12446743678 1.26028283058 1.29733366682 1.33528464055 1.35460147845 1.38118068287 1.42363781495 1.44034851415 1.4821458785 1.48557027154 1.52149173719 1.58379885218 1.61712135608 1.66252882904 1.69386210348 1.70269949586 1.7545309557 1.7768644938 1.79302915347 1.80063625807 1.85224343133 1.87265923522 1.88913167641 1.91048711111 1.94436242892 1.95671387103 1.99611262118 2.0 

2016-08-23 06:11:31 Round: 56
-3.01382026101e-16 -2.74014071047e-16 -2.65110668076e-16 -2.26413435242e-16 -1.8463297569e-16 -1.25735464479e-16 -6.73724907517e-17 -3.46406621002e-17 -7.06841747639e-19 8.78753729706e-18 9.35734569186e-18 3.64530252783e-17 7.13169905292e-17 9.54871223885e-17 1.49301195765e-16 2.04289988976e-16 2.5087477459e-16 3.28982697046e-16 0.0450200572365 0.0637368908308 0.107311404659 0.124563574422 0.148733267056 0.186593715951 0.205967310971 0.222565278734 0.242272681593 0.250964958685 0.292893218813 0.292893218813 0.312160644287 0.352142208004 0.358294760732 0.433357169559 0.459413149024 0.482002884503 0.520220641896 0.529158851693 0.558612015919 0.618911927791 0.639586559846 0.656606452419 0.681720181933 0.757905348846 0.844724097057 0.879701555944 0.924199603751 1.0 1.0 1.0 1.0 1.0 1.0 1.0 1.0 1.0 1.0 1.0 1.0 1.0 1.0 1.0 1.07580039625 1.12029844406 1.15527590294 1.24209465115 1.31827981807 1.34339354758 1.36041344015 1.38108807221 1.44138798408 1.47084114831 1.4797793581 1.5179971155 1.54058685098 1.56664283044 1.64170523927 1.647857792 1.68783935571 1.70710678119 1.70710678119 1.74903504132 1.75772731841 1.77743472127 1.79403268903 1.81340628405 1.85126673294 1.87543642558 1.89268859534 1.93626310917 1.95497994276 2.0 2.0 

2016-08-23 08:11:53 Round: 57
-1.06414443229e-15 -4.44793080916e-16 -3.54155010575e-16 -1.05688742415e-16 -4.66767233651e-17 7.36948102605e-18 9.92044987824e-17 3.16529356769e-16 5.49503337612e-16 6.52364447185e-16 8.76370124963e-16 1.23997347324e-15 1.96097325446e-15 0.0492247670696 0.0530286776157 0.123994259887 0.137689444668 0.177135765138 0.196890372904 0.205188118476 0.218557812608 0.236557397605 0.257606724537 0.261485290112 0.275607734125 0.325376884539 0.335803372513 0.397017059667 0.434692882329 0.447253581108 0.480435809855 0.488898073489 0.547669780925 0.562082727701 0.586488382252 0.64382393317 0.661736922557 0.695995802562 0.806963716334 1.0 1.0 1.0 1.0 1.0 1.0 1.0 1.0 1.0 1.0 1.0 1.0 1.0 1.0 1.0 1.0 1.0 1.0 1.0 1.0 1.0 1.0 1.0 1.0 1.0 1.0 1.0 1.18971495914 1.29463640343 1.34199498104 1.37527852265 1.41175884833 1.44170172518 1.46151898074 1.50985520217 1.52641807083 1.55600334665 1.59174793329 1.64762423403 1.66398489882 1.67506502341 1.71495800167 1.7320652917 1.73852279226 1.74522449198 1.76572056929 1.78483306346 1.79978483285 1.82299608153 1.83332728971 1.87639609863 1.94689566575 1.95053035089 1.99423704682 

2016-08-23 10:12:06 Round: 58
-1.71619939482e-15 -7.21980585504e-16 -7.10147668875e-16 -5.2260102783e-16 -1.42094971196e-16 -1.02165756584e-16 -7.59303178475e-17 -6.06910406766e-17 1.30186895376e-16 1.9494714577e-16 3.09868143283e-16 3.57540864093e-16 6.9181136376e-16 1.14520605335e-15 1.24208980639e-15 1.40133838809e-15 1.4113341547e-15 0.037163934925 0.0517232271377 0.069764932497 0.148122071192 0.17031786675 0.174064636282 0.191965348623 0.205245021603 0.21264511024 0.247131523233 0.25849476416 0.316607432432 0.356560824692 0.378311480288 0.383671590937 0.419637904657 0.443908436416 0.503816879273 0.529200090614 0.567209887712 0.604975531502 0.638541482716 0.727220059438 0.804689188128 0.881991462882 0.923382923268 1.0 1.0 1.0 1.0 1.0 1.0 1.0 1.0 1.0 1.0 1.0 1.0 1.0 1.0 1.0 1.0 1.0 1.0 1.0 1.0 1.0 1.0 1.0 1.07661779602 1.11801135528 1.19536523566 1.2727787381 1.36162828526 1.39507299772 1.42175076331 1.47040966557 1.48787119478 1.55620987779 1.57994764135 1.62033379657 1.6249357013 1.65415327446 1.68339715112 1.74250866171 1.76018317596 1.78790144511 1.79648880854 1.80753426403 1.82610416808 1.83457007109 1.85085287126 1.93017631381 1.94583129109 1.958668752 1.99433309143 

2016-08-23 12:14:07 Round: 59
-1.18552781406e-15 -1.01159200255e-15 -7.80322406806e-16 -6.13065927467e-16 -5.20884583113e-16 -1.83712235242e-16 -1.50121533103e-16 -8.01998624448e-17 -3.14938387403e-17 -2.09793120376e-17 1.06366422313e-16 3.31108578771e-16 6.60032680988e-16 7.88811898351e-16 1.13841319766e-15 1.5048499387e-15 0.0386625647117 0.0654948602116 0.0769347410608 0.119256650095 0.129957567356 0.149671393142 0.169050681391 0.204456299443 0.224004789992 0.239368554021 0.27239785153 0.292893218813 0.322080069879 0.356355116004 0.366226043606 0.376762458949 0.420914362007 0.458584300147 0.494140272049 0.510378458686 0.534874116804 0.570017385679 0.588635737435 0.607221179961 0.669169476933 0.697373740748 0.710723493517 0.824200118215 0.945313971165 1.0 1.0 1.0 1.0 1.0 1.0 1.0 1.0 1.0 1.0 1.0 1.0 1.0 1.0 1.0 1.0 1.0 1.0 1.05468956808 1.17599250734 1.28898779098 1.30230484538 1.3307470444 1.40696299774 1.42498314773 1.43022850871 1.48092754892 1.49930307148 1.51890363316 1.54157001083 1.57909570412 1.62362835629 1.62865550497 1.66742687469 1.70506373041 1.70710678119 1.71138771239 1.76085054417 1.77048937691 1.78128746874 1.80163615586 1.84800594516 1.86770967223 1.89234981759 1.90908217072 1.92150291336 1.94529796708 1.9887031558 

2016-08-23 14:17:05 Round: 60
-8.07083935883e-16 -6.76304381776e-16 -6.62897182668e-16 -5.14292254415e-16 -4.50327063691e-16 -3.76562779177e-16 -1.36555602168e-16 7.93162866027e-17 9.90735776837e-17 1.74323793795e-16 2.46956709263e-16 3.6429664244e-16 4.96530520405e-16 5.6626985464e-16 6.35671315109e-16 8.22243600783e-16 1.0762551898e-15 1.26315493449e-15 1.34574548731e-15 0.0681149698125 0.0762704676562 0.107911718353 0.128934227249 0.204286989125 0.20850678487 0.225749051921 0.243668515286 0.281931171011 0.290572278824 0.292893218813 0.292893218813 0.300382337696 0.343086709491 0.373326530218 0.425000366988 0.440777382118 0.458449936027 0.461179061405 0.482503802661 0.564065570024 0.59885211332 0.641294440728 0.656645019252 0.872126586056 1.0 1.0 1.0 1.0 1.0 1.0 1.0 1.0 1.0 1.0 1.0 1.0 1.0 1.0 1.0 1.0 1.0 1.0 1.0 1.0 1.0 1.0 1.0 1.12787389414 1.34362576486 1.35870640781 1.40108498417 1.43661224838 1.52565862536 1.53874798881 1.54615674239 1.56520264611 1.59627372636 1.63988149405 1.66266859904 1.69930541942 1.70710678119 1.70710678119 1.71234711108 1.72314076566 1.75125579533 1.76642909012 1.78074894429 1.79606168269 1.83777252981 1.89173366181 1.92380761541 1.9276345446 1.99363368822 

2016-08-23 16:17:34 Round: 61
-3.80085861711e-16 -3.35383334169e-16 -2.86275965854e-16 -2.47061415912e-16 -2.35716242601e-16 -1.93050745857e-16 -1.15883908294e-16 -6.89322441913e-17 -6.63050896386e-17 0.0 3.93639381067e-17 8.37210680008e-17 1.48915168383e-16 1.49676602444e-16 1.72844476831e-16 1.93871270267e-16 2.04749162098e-16 3.07874388408e-16 3.86034748429e-16 3.95884402335e-16 0.0619846322662 0.082706703464 0.121310317166 0.131739610077 0.159099894788 0.184855216489 0.218425408049 0.246214603109 0.273889701657 0.321651146956 0.388289088946 0.430412674898 0.439675644352 0.475442793992 0.490087409475 0.527090255684 0.532600788816 0.560794871226 0.58113865745 0.637470701586 0.664279348756 0.679504356741 0.704185877829 0.73448877529 0.867313905339 0.91269121622 1.0 1.0 1.0 1.0 1.0 1.0 1.0 1.0 1.0 1.0 1.0 1.0 1.0 1.0 1.0 1.0 1.0 1.0 1.0 1.0 1.11007729537 1.13573373097 1.29666917603 1.30264860302 1.32892626643 1.34978042324 1.39989516145 1.40261762142 1.45107595517 1.45878503107 1.4729429917 1.50401507815 1.52059577905 1.53566657823 1.56753131833 1.61415065804 1.67615201315 1.72194806913 1.75375890711 1.75412339922 1.80100160243 1.84555083565 1.86363712072 1.8794201436 1.91613939063 1.92061106714 1.98920218295 

2016-08-23 18:19:08 Round: 62
-3.9622748739e-16 -2.90171224161e-16 -2.62229022027e-16 -2.28967299933e-16 -1.82186193508e-16 -1.04910093086e-16 -8.92105562271e-17 -5.86686579129e-17 -5.30447499282e-17 -3.00169567371e-17 -4.86704291292e-34 1.57880672362e-32 3.20601878956e-17 6.69816038363e-17 9.10280080728e-17 1.33906051937e-16 1.58502359181e-16 1.79343480319e-16 2.74235881491e-16 3.96775496997e-16 0.0391521524599 0.0814394171587 0.102060844072 0.163402196674 0.18176129868 0.199598418446 0.211346606215 0.225835759238 0.232203753619 0.284678046694 0.292893218813 0.31758530032 0.335274958349 0.37883680651 0.416941499004 0.42826013397 0.432118678694 0.47460739655 0.50441424221 0.549691363718 0.57597716145 0.643463508496 0.691346071348 0.697978599553 0.744320031166 0.761650110955 0.781441759418 0.835590258439 0.879920016187 0.915988271943 1.0 1.0 1.0 1.0 1.0 1.0 1.0 1.0 1.0 1.0 1.0 1.0 1.03695087421 1.10148460886 1.14371797795 1.22237924539 1.24310325958 1.28954783985 1.31430225094 1.34209652223 1.42719049682 1.43542158945 1.47324581912 1.51861867169 1.54053248475 1.54547705514 1.5927667652 1.61857264819 1.63282006949 1.66991328968 1.68045657646 1.70140864962 1.70710678119 1.74038083152 1.7530611267 1.77566189904 1.79314519257 1.81809389416 1.83091600996 1.85904012347 1.91219402479 1.94435779507 1.95625774654 

2016-08-23 20:19:50 Round: 63
-6.77253479721e-16 -5.83781257539e-16 -2.58441722246e-16 -1.93839776507e-16 -1.44801903043e-16 -6.55942314354e-17 -4.74870590937e-17 -1.73472347598e-18 1.2414114875e-17 3.06992261823e-17 4.71120602743e-17 4.88911395127e-17 6.54494148604e-17 1.26173865989e-16 1.9445037316e-16 3.65807744248e-16 6.14484577506e-16 0.0593358553648 0.110715152159 0.118723770733 0.12789054663 0.165587594204 0.205385631779 0.208134613638 0.228324496756 0.233285094742 0.260508711299 0.286286070811 0.326119048538 0.360186797323 0.377991334186 0.426287737121 0.469336968225 0.47910464791 0.519921183345 0.584133168364 0.602351749049 0.615997790465 0.634170552423 0.676529482455 0.691776631476 0.81378841664 0.829695462621 1.0 1.0 1.0 1.0 1.0 1.0 1.0 1.0 1.0 1.0 1.0 1.0 1.0 1.0 1.0 1.0 1.0 1.0 1.0 1.0 1.0 1.0 1.0 1.17030453738 1.18621158336 1.30822336852 1.32347051754 1.36582944758 1.38400220954 1.39764825095 1.41586683164 1.48007881665 1.52089535209 1.53066303177 1.57371226288 1.62200866581 1.63981320268 1.67388095146 1.71371392919 1.7394912887 1.76671490526 1.77167550324 1.79186538636 1.79461436822 1.8344124058 1.87210945337 1.88127622927 1.88928484784 1.94066414464 2.0 

2016-08-23 22:21:16 Round: 64
-7.02129326902e-16 -6.80340018656e-16 -5.90126083328e-16 -4.55225899014e-16 -4.30462178957e-16 -3.78641668255e-16 -3.27314693678e-16 -2.20779376448e-16 -1.03574428172e-16 -7.99574048718e-17 -7.92717078646e-17 -3.83796556719e-18 1.57155715746e-16 4.66847273337e-16 5.70635927918e-16 6.76713993885e-16 0.0398679833728 0.0588278393986 0.0702519793712 0.0974732928088 0.110000849444 0.167645523239 0.17220913701 0.185896072285 0.210733429543 0.251942073597 0.268159930885 0.282721339389 0.292893218813 0.292893218813 0.335096425091 0.35599030996 0.378842715871 0.417150931331 0.425411957541 0.526853454108 0.588369073928 0.620373273921 0.670461408927 0.680995287257 0.683222793132 0.807856975536 1.0 1.0 1.0 1.0 1.0 1.0 1.0 1.0 1.0 1.0 1.0 1.0 1.0 1.0 1.0 1.0 1.0 1.0 1.0 1.0 1.0 1.0 1.0 1.0 1.19214302446 1.31677720687 1.31900471274 1.32953859107 1.37962672608 1.41163092607 1.47314654589 1.57458804246 1.58284906867 1.62115728413 1.64400969004 1.66490357491 1.70710678119 1.70710678119 1.71727866061 1.73184006911 1.7480579264 1.78926657046 1.81410392772 1.82779086299 1.83235447676 1.88999915056 1.90252670719 1.92974802063 1.9411721606 1.96013201663 2.0 

2016-08-24 00:25:54 Round: 65
-3.86607841818e-16 -3.81083447693e-16 -3.68220599374e-16 -2.17134583446e-16 -1.88864263735e-16 -1.71942824103e-16 -1.14825173263e-16 -9.6466633482e-17 -6.14651303804e-17 -4.01472073142e-17 6.22201207663e-17 7.19932299811e-17 8.43974657771e-17 1.29545922595e-16 2.26662876487e-16 2.52395478388e-16 2.7409384444e-16 4.0847636911e-16 5.51327623531e-16 7.66747776382e-16 0.0298633999349 0.0515572970765 0.082230981772 0.100236044243 0.146306259173 0.158996541521 0.1719804791 0.204784346236 0.253974847282 0.260070432617 0.292893218813 0.320685599795 0.350961582051 0.386721774139 0.400683941493 0.451557606802 0.495745708114 0.500244219581 0.554868828425 0.561841393475 0.631022619044 0.64106070911 0.712389575137 0.727452993076 1.0 1.0 1.0 1.0 1.0 1.0 1.0 1.0 1.0 1.0 1.0 1.0 1.0 1.0 1.0 1.0 1.0 1.0 1.0 1.0 1.0 1.0 1.0 1.0 1.27254700692 1.28761042486 1.35893929089 1.36897738096 1.43815860652 1.44513117157 1.49975578042 1.50425429189 1.5484423932 1.59931605851 1.61327822586 1.64903841795 1.67931440021 1.70710678119 1.73992956738 1.74602515272 1.79521565376 1.8280195209 1.84100345848 1.85369374083 1.89976395576 1.91776901823 1.94844270292 1.97013660007 2.0 

2016-08-24 02:26:45 Round: 66
-3.93117288925e-16 -3.49143725865e-16 -1.92245293389e-16 -1.51689777195e-16 -1.10317695114e-16 -8.87347867524e-17 -6.63795031119e-17 -2.81948043209e-17 -2.37947824289e-17 -2.2431649971e-17 -1.64734118882e-17 6.0984621189e-19 3.94803451216e-17 4.32475300355e-17 1.38884436687e-16 1.59497368797e-16 1.69021737969e-16 2.54872861782e-16 2.86262735143e-16 3.70552614087e-16 0.047893493686 0.107489569687 0.124068568858 0.143927197441 0.163710834026 0.182382830863 0.213747919907 0.231078428369 0.241158599932 0.266022118086 0.292893218813 0.292893218813 0.292893218813 0.300940962274 0.306153686667 0.387737030901 0.396041670669 0.414717016147 0.442348500492 0.478079331693 0.53124756199 0.565969586714 0.625987780117 0.636104160221 0.65554586317 0.701025127366 0.790643259671 0.836824253613 1.0 1.0 1.0 1.0 1.0 1.0 1.0 1.0 1.0 1.0 1.0 1.0 1.0 1.0 1.0 1.06019853038 1.15585031213 1.17713695754 1.24589326021 1.333632599 1.36304395883 1.37944279917 1.45143965586 1.4797511787 1.51377598604 1.55346281191 1.60341271656 1.60677817854 1.6259345957 1.69424991226 1.69907284903 1.70710678119 1.70710678119 1.70710678119 1.74077374119 1.76508775992 1.77077281719 1.78819438167 1.81696987772 1.83994473238 1.85642075823 1.87572272171 1.90503219191 1.93212697688 1.97503238677 

2016-08-24 04:31:19 Round: 67
-3.16262251809e-16 -2.58396605987e-16 -2.05819430685e-16 -1.61518144009e-16 -1.36589232111e-16 -1.06087179079e-16 -7.87333193442e-17 -6.6379542829e-17 -2.16419747901e-17 -5.19891485854e-18 8.91786347472e-18 3.19277504814e-17 7.90362867138e-17 1.97286364627e-16 2.02280521122e-16 0.0474910350923 0.104060728625 0.109899553797 0.134541727155 0.146368966595 0.172646951472 0.198590101775 0.263912890325 0.280938992066 0.297782054701 0.303873353558 0.323967247726 0.343529312554 0.407485795319 0.430698207759 0.454585166897 0.480130192182 0.532039034605 0.540504737071 0.580297123996 0.611744006675 0.664364539902 0.696880300928 0.700696819989 0.773909202256 0.826614101442 1.0 1.0 1.0 1.0 1.0 1.0 1.0 1.0 1.0 1.0 1.0 1.0 1.0 1.0 1.0 1.0 1.0 1.0 1.0 1.0 1.0 1.0 1.0 1.0 1.0 1.16709235029 1.24170087443 1.30058507359 1.33302455786 1.38389497854 1.39639692338 1.44406785933 1.45597329205 1.47888883849 1.51250853709 1.54420995908 1.5740389021 1.58826222705 1.6268890404 1.64870470829 1.68415728073 1.70455738062 1.73375525507 1.76213911982 1.80919406125 1.82220294637 1.83958351947 1.86275001302 1.88406729914 1.89426164772 1.91807533034 1.96146588003 

2016-08-24 06:32:43 Round: 68
-2.09217858048e-16 -1.81395694523e-16 -1.67684359467e-16 -1.2968489461e-16 -1.12183573997e-16 -7.39589715104e-17 -5.43563674068e-17 -5.17647146098e-17 -2.67556359885e-17 -9.56879065776e-18 -3.95403785973e-19 0.0 1.35474120854e-17 2.58156036273e-17 3.23828160672e-17 5.55825596452e-17 7.13182833606e-17 7.8912181636e-17 8.10246523261e-17 1.12789724742e-16 1.48693400888e-16 1.85855755973e-16 1.86551261875e-16 0.0404429278577 0.0625982297131 0.0856254596762 0.118164270568 0.145838777747 0.151722374636 0.183503419072 0.210596570244 0.236318400404 0.273310743858 0.292893218813 0.314552495414 0.324761733296 0.350672105279 0.370538029938 0.424046693118 0.44143304129 0.460723719113 0.473945352595 0.570985256459 0.633952957969 0.684284987518 0.793575729558 0.865960737766 1.0 1.0 1.0 1.0 1.0 1.0 1.0 1.0 1.0 1.0 1.0 1.0 1.0 1.0 1.0 1.0 1.0 1.0 1.0 1.0 1.0 1.13403981688 1.20641821661 1.31578723747 1.36597209237 1.42904444155 1.52596681827 1.53869475968 1.55799142021 1.57682566471 1.63049645056 1.64928347439 1.67497851241 1.68545497018 1.70710678119 1.72655895265 1.76673581955 1.7868947733 1.81649658093 1.84511479712 1.85472339988 1.8818495892 1.91374246709 1.93475960006 1.97071775813 1.99389837371 

2016-08-24 08:33:02 Round: 69
-3.26283445756e-16 -1.9903500941e-16 -1.70061256146e-16 -1.52937819393e-16 -1.24215791929e-16 -8.97731436229e-17 -6.94780675247e-17 -4.20481540432e-17 -2.2640236491e-17 -1.30531804138e-17 -3.94420559695e-33 -6.64864580272e-34 -3.01466409144e-49 2.44318593297e-34 1.48867536052e-17 2.33883347986e-17 2.53833279331e-17 3.80859486043e-17 5.54832334656e-17 8.25183340053e-17 1.26310177237e-16 1.49892396339e-16 1.58934341342e-16 2.06562705256e-16 2.44578688639e-16 2.78067283684e-16 4.18914515864e-16 0.0513181371752 0.0653635254215 0.104525409713 0.119026019103 0.147517963627 0.178144460644 0.193139089293 0.201671505172 0.212192248223 0.227859364259 0.249350324811 0.292893218813 0.325847221255 0.351255197172 0.382079782741 0.418891459221 0.422816332725 0.511756684931 0.567224862583 0.583007182979 0.622980704168 0.629390127495 0.735036989038 0.806965828692 0.832001122904 1.0 1.0 1.0 1.0 1.0 1.0 1.0 1.0 1.0 1.0 1.0 1.0 1.0 1.0 1.0 1.15447527055 1.17022851284 1.26778779287 1.39203039828 1.41379777018 1.43179710176 1.46998921616 1.5114870441 1.52214178447 1.58009603438 1.62284268906 1.66277750102 1.70710678119 1.71129345274 1.75054809943 1.77195129096 1.78054500122 1.78978041292 1.80902225722 1.81961907417 1.8386459973 1.86462484795 1.8949896051 1.90575809766 1.94015122766 1.98425797667 

2016-08-24 10:33:55 Round: 70
-5.03437415257e-16 -2.52636381234e-16 -2.15155097848e-16 -1.63730670794e-16 -6.54200701312e-17 -4.0223544975e-17 -3.79278561007e-17 -2.12098664112e-17 3.90750992394e-17 4.69594079272e-17 5.85441001498e-17 1.14638424416e-16 1.1764891499e-16 1.19709633782e-16 1.23855786765e-16 1.25097681383e-16 1.61743536913e-16 1.71811083552e-16 3.32588244603e-16 0.0578603770727 0.0913705178132 0.104286322815 0.125959295807 0.147975302752 0.18491521513 0.25789552461 0.270111310775 0.299755528837 0.316289159239 0.349137367587 0.369246201257 0.418497230571 0.44376201596 0.46386584393 0.492086311833 0.559666499066 0.565741454089 0.570933342926 0.591760333883 0.62787546653 0.660490262373 0.704391898503 0.734043398419 0.794508463203 0.856527393914 1.0 1.0 1.0 1.0 1.0 1.0 1.0 1.0 1.0 1.0 1.0 1.0 1.0 1.0 1.0 1.0 1.0 1.0 1.0 1.0 1.14581282262 1.22194542773 1.22329396727 1.33375687577 1.34967086122 1.37487455311 1.40095064196 1.43192464708 1.44313542585 1.49238301054 1.52605161408 1.53260952032 1.55563858653 1.60862607433 1.66127574907 1.67127114455 1.68946826378 1.70568386122 1.74744022698 1.76759187924 1.78568888847 1.81199275018 1.8261369005 1.87642211097 1.88978677979 1.90982681889 1.95778855906 2.0 

2016-08-24 12:34:39 Round: 71
-2.5038767159e-16 -2.03887184621e-16 -1.76535473251e-16 -1.46214783958e-16 -1.33396471989e-16 -1.11504516599e-16 -8.01012048184e-17 -6.06395748878e-17 -4.67378394816e-17 -2.55740979445e-17 -1.79866511285e-17 4.58008589479e-18 5.3587264054e-18 1.60187987914e-17 5.53710983777e-17 6.93177673497e-17 1.06117623236e-16 1.37014012113e-16 1.4858945267e-16 1.80689489704e-16 3.16090106484e-16 0.0332676890186 0.0565914434325 0.0847674199659 0.105592149242 0.14893979931 0.152880991083 0.169814124719 0.183503419072 0.212096331906 0.245467733742 0.292893218813 0.301479820482 0.326583548467 0.355242305336 0.404579110373 0.429499368288 0.473590339234 0.481182998321 0.533885731729 0.60668457138 0.64882752842 0.654754026784 0.6779048097 0.697178941984 0.784784220799 0.820861195722 1.0 1.0 1.0 1.0 1.0 1.0 1.0 1.0 1.0 1.0 1.0 1.0 1.0 1.0 1.0 1.0 1.0 1.0 1.11511932555 1.19679633525 1.21903568865 1.2386778583 1.32673417194 1.35133978042 1.37684460501 1.43863278385 1.45236658191 1.52986435039 1.58038954777 1.59509020588 1.6101404282 1.64724833011 1.67402167575 1.70710678119 1.70769693144 1.74250886666 1.76558779096 1.78892940284 1.81029907946 1.81649658093 1.84974575118 1.85653890133 1.88666603875 1.90337869231 1.96000194269 1.96988873394 

2016-08-24 14:35:00 Round: 72
-2.95928382439e-16 -1.99530815638e-16 -1.62696078377e-16 -1.50320548016e-16 -8.85586886191e-17 -7.36625184816e-17 -5.78447188371e-17 -2.74645285095e-17 -1.44980697409e-17 -1.65193542572e-33 -6.30063007853e-50 2.17598599965e-35 1.95108041368e-18 5.67474048544e-18 1.1242773128e-17 4.32812332722e-17 5.36792889843e-17 1.00364986191e-16 1.55574719682e-16 2.03052912964e-16 3.42732741071e-16 0.069244407501 0.0923739847961 0.116702318326 0.146202981095 0.152052038788 0.174158029784 0.21879777304 0.227397216447 0.272778047768 0.278135783763 0.325123512382 0.363501913596 0.377720267932 0.436461966867 0.44206203545 0.465661699704 0.47865034551 0.542661515223 0.555736582334 0.580950387956 0.606305628826 0.633370011561 0.679541514063 0.680247470673 0.696326449201 0.765714325456 0.801367027425 0.817022322283 0.848617447486 0.882746374262 0.937181502707 1.0 1.0 1.0 1.0 1.0 1.0 1.0 1.0 1.0 1.01793070824 1.11142535823 1.13679984487 1.15823883219 1.18916332339 1.27900594498 1.32849429484 1.33966411392 1.35354878221 1.38907036722 1.40059915352 1.42175659817 1.43868699342 1.45599879395 1.49311237601 1.52651202598 1.56109570219 1.58906510704 1.60194678257 1.65414742204 1.70241000338 1.71483528622 1.74975432636 1.76511390211 1.80126077151 1.80360734735 1.84699690116 1.87006478755 1.8738832222 1.88491831282 1.92353732259 1.95254240954 

2016-08-24 16:35:50 Round: 73
-2.45538701195e-16 -2.04529711086e-16 -1.43595237374e-16 -1.1176228904e-16 -1.05229058556e-16 -7.64415539657e-17 -4.93609675472e-17 -4.06442332603e-17 -2.94161721265e-17 -2.41197082269e-18 -3.30421372329e-32 0.0 0.0 0.0 6.9222517894e-49 1.11088151405e-33 1.54913794754e-32 2.44351342033e-18 2.21571592144e-17 6.80487711805e-17 1.21167682547e-16 1.43869808128e-16 1.606016394e-16 2.10560971235e-16 2.43700702374e-16 3.10577358312e-16 0.0592181540332 0.101809686009 0.11985865502 0.176151770163 0.18744325156 0.218716622305 0.26497583251 0.292893218813 0.296365675836 0.306549396942 0.335540473912 0.362879677393 0.446585558779 0.478581946325 0.521525379178 0.561769464207 0.569700004638 0.590229116893 0.640670101646 0.657201236789 0.658313817516 0.691931767859 0.713761162879 0.734124010016 0.787423799224 0.820055724986 0.87105423178 0.902819888686 1.0 1.0 1.0 1.0 1.0 1.0 1.0 1.0 1.0 1.0 1.10817128912 1.13309294292 1.18447958559 1.22427807132 1.27708556359 1.2823844522 1.32055041437 1.33583446804 1.33934811274 1.40142653076 1.4076216838 1.4270449121 1.47950738342 1.53338831934 1.55468519097 1.6023278367 1.63108186373 1.64548168818 1.67748942375 1.70641427169 1.70710678119 1.72630314827 1.7611410793 1.78434736647 1.82424092474 1.83882602017 1.85666471271 1.88632002763 1.97520630931 

2016-08-24 18:38:15 Round: 74
-3.34846355068e-16 -2.7100422538e-16 -2.56260378579e-16 -2.12102197236e-16 -1.98478687302e-16 -1.830147013e-16 -1.05907078941e-16 -8.23898866319e-17 -5.90514696553e-17 -4.50031478648e-17 -2.60504158129e-17 -1.94377497231e-50 -4.9703614273e-67 1.18874513349e-66 4.42443471886e-50 8.85304531668e-35 2.00892762689e-33 9.33150472987e-18 5.55714930507e-17 5.95122865267e-17 8.61378677213e-17 1.05236484477e-16 1.90456340915e-16 2.1984031615e-16 2.77796802928e-16 3.07197326207e-16 0.0585549534484 0.124233657011 0.1429341316 0.158852021824 0.171372535848 0.227242283696 0.240278311431 0.255942100306 0.28149459714 0.296322414481 0.321389216745 0.362885117819 0.408893181777 0.420504477299 0.430424313329 0.46308029727 0.487960820163 0.50643784643 0.539565440845 0.549816267732 0.626837263983 0.699840261549 0.746035153992 0.773505257162 0.790763125435 0.835415316678 0.843220234962 0.910714940914 0.9537216168 1.0 1.0 1.0 1.0 1.0 1.0 1.0 1.05751385449 1.0853039857 1.15800506333 1.16916527729 1.21573996942 1.22745324967 1.28496913755 1.32729265224 1.38183767651 1.41772007115 1.43692568128 1.46433058799 1.5104560922 1.54573458142 1.55996860207 1.589864947 1.60856208598 1.64299730211 1.70133522746 1.71012107731 1.735406288 1.74764223468 1.78350144004 1.78962941557 1.8274908116 1.83351936757 1.84965378055 1.86062980034 1.89116964948 1.95782293233 2.0 

2016-08-24 20:40:01 Round: 75
-2.95527123201e-16 -2.41473638953e-16 -1.93492661076e-16 -1.56338869496e-16 -1.31914354871e-16 -1.31200560048e-16 -9.17432633366e-17 -5.63275718674e-17 -4.06703298452e-17 -3.37319433126e-17 -1.377367557e-32 -1.4495045257e-48 -5.4935423664e-67 8.31115017524e-65 1.05437972111e-49 1.13852189187e-33 3.90555325017e-19 5.45946110041e-17 6.90809404957e-17 8.37392611468e-17 1.3183243913e-16 1.67715288328e-16 2.17939539966e-16 2.56292448205e-16 2.74727219138e-16 3.6736384591e-16 0.0553203192831 0.0675797247428 0.100918919651 0.142492925759 0.162245522583 0.186905220325 0.196076279255 0.21437388156 0.229884899989 0.274233025448 0.292893218813 0.304314880017 0.346794187374 0.366958616772 0.417680624009 0.446022698682 0.475214726737 0.514940069003 0.581732098523 0.593921944894 0.625056812603 0.660033201297 0.708801847435 0.736499454984 0.799930318167 0.827081505044 0.873770685475 0.946638592681 1.0 1.0 1.0 1.0 1.0 1.0 1.0 1.0 1.0 1.0 1.05352935961 1.16666807059 1.19291395007 1.25485571842 1.28703770077 1.29976528683 1.35177995225 1.37771997826 1.40974254034 1.43071827818 1.50739227786 1.52476462817 1.55604510589 1.58019055965 1.58979269381 1.6400627316 1.65967124698 1.69654962689 1.70710678119 1.78181672499 1.78661189967 1.80460001248 1.83215956511 1.83580884509 1.85978335536 1.86681731695 1.90650826846 1.90830801065 1.98296331277 

2016-08-24 22:41:34 Round: 76
-2.20883212393e-16 -1.95905125383e-16 -1.82665878012e-16 -1.35370559799e-16 -7.98061309749e-17 -5.96409504494e-17 -3.41185007964e-17 -6.79550427541e-49 0.0 0.0 0.0 0.0 6.20388302545e-33 5.29104567375e-18 1.73371093659e-17 2.56975715439e-17 3.64465876454e-17 6.24452806638e-17 8.36930647165e-17 1.20268992239e-16 1.51429509393e-16 2.21613889911e-16 2.6834074164e-16 3.4815295001e-16 3.66160621478e-16 0.050355022517 0.0608592196673 0.0735078916935 0.0882622588304 0.114227193077 0.145769046459 0.164107783386 0.187773559637 0.208552394613 0.228088803846 0.244439749831 0.264841040207 0.292893218813 0.292962106853 0.37091264776 0.431740908132 0.460534305087 0.493491753294 0.571007465065 0.583329910804 0.645639308411 0.650442306714 0.720303462692 0.73482143687 0.780497898965 0.857723080336 0.938175281513 1.0 1.0 1.0 1.0 1.0 1.0 1.0 1.0 1.0 1.0 1.0 1.0 1.0 1.06113814969 1.12095331597 1.20584866115 1.23593380945 1.28135475354 1.35547052678 1.38960752466 1.43282957463 1.5 1.50905493051 1.56773444503 1.6290181079 1.6749684022 1.70682637857 1.70710678119 1.73510147364 1.75560741986 1.77045801502 1.78280680281 1.79319313776 1.81983062389 1.83590307961 1.84391796303 1.87065191504 1.89895594759 1.9192432445 1.95010810696 1.99111785398 

