cycle	cycle_prr	duplicates	loop_count	hop_avg	std	loopy_hop_avg	std	link_usage	err_count
2	0.9677	0	2	2.5000	1.4083	6.0000	1.0000	75	0
3	0.9677	0	0	2.3667	1.0160	nan	nan	71	0
4	0.9355	0	0	2.2414	1.0053	nan	nan	65	0
5	0.9355	0	1	2.3448	1.0915	5.0000	0.0000	68	0
6	0.9032	0	0	2.2857	1.0973	nan	nan	64	0
7	0.8710	0	0	2.1852	0.8623	nan	nan	59	0
8	0.8710	0	0	2.2222	0.9558	nan	nan	60	0
9	0.8710	1	0	2.3571	1.0425	nan	nan	66	0
10	0.7742	0	0	1.9583	0.7895	nan	nan	47	0
11	0.8710	0	0	2.2963	1.0116	nan	nan	62	0
12	0.7742	0	0	2.0000	0.8660	nan	nan	48	0
13	0.9032	0	0	2.1786	0.9279	nan	nan	61	0
14	0.8710	0	0	2.1852	0.9827	nan	nan	59	0
15	0.9355	0	0	2.2069	0.8461	nan	nan	64	0
16	0.9032	0	0	2.1429	0.8330	nan	nan	60	0
17	0.9032	1	0	2.1379	0.8189	nan	nan	62	0
18	0.8710	0	0	2.1481	0.8478	nan	nan	58	0
19	0.9677	0	0	2.2000	0.8327	nan	nan	66	0
20	0.9677	0	0	2.2333	0.8439	nan	nan	67	0
21	0.9355	0	0	2.2069	0.8461	nan	nan	64	0
22	0.8387	0	0	2.1154	0.8470	nan	nan	55	0
23	0.9677	0	0	2.2333	0.8439	nan	nan	67	0
24	0.9032	0	0	2.1071	0.8168	nan	nan	59	0
25	0.9677	0	0	2.2000	0.8327	nan	nan	66	0
26	0.8710	0	0	2.1852	0.8623	nan	nan	59	0
27	0.9355	1	0	2.2333	0.8439	nan	nan	67	0
28	0.8710	0	0	2.1111	0.8315	nan	nan	56	0
29	0.9677	0	0	2.1667	0.8199	nan	nan	65	0
30	0.9677	0	0	2.2000	0.8327	nan	nan	66	0
31	0.8710	0	0	2.1111	0.8315	nan	nan	57	0
32	0.9032	0	0	2.1429	0.8330	nan	nan	60	0
33	0.9032	0	0	2.1786	0.8474	nan	nan	61	0
34	0.9032	0	0	2.2857	0.9949	nan	nan	64	0
35	0.9032	0	0	2.2143	0.9007	nan	nan	62	0
36	0.8387	0	0	2.1154	0.8913	nan	nan	55	0
37	1.0000	0	0	2.3226	0.9964	nan	nan	72	0
38	0.9355	0	0	2.3103	0.9862	nan	nan	67	0
39	1.0000	0	0	2.2581	0.8787	nan	nan	70	0
40	1.0000	0	0	2.3226	0.9634	nan	nan	72	0
41	0.8710	0	0	2.3333	1.0541	nan	nan	63	0
42	0.8710	0	0	2.2593	0.9658	nan	nan	61	0
43	0.8710	0	0	2.2593	0.9658	nan	nan	61	0
44	0.9032	0	0	2.3214	1.0708	nan	nan	65	0
45	0.9355	0	0	2.2414	0.8966	nan	nan	65	0
46	0.8387	1	0	2.1111	0.8315	nan	nan	57	0
47	0.9355	0	0	2.2414	0.8966	nan	nan	65	0
48	0.9032	0	0	2.1429	0.8330	nan	nan	60	0
49	0.9032	0	0	2.2500	0.9112	nan	nan	63	0
50	0.9355	0	0	2.1724	0.8333	nan	nan	63	0
51	0.8065	0	0	2.1600	0.9243	nan	nan	54	0
52	0.8710	0	0	2.1481	0.8478	nan	nan	58	0
53	0.8387	0	0	2.0769	0.8285	nan	nan	54	0
54	0.8065	0	0	2.2000	0.9381	nan	nan	55	0
55	0.9677	0	0	2.2000	0.8327	nan	nan	66	0
56	0.9032	0	0	2.2143	0.8601	nan	nan	62	0
57	0.9032	0	0	2.1786	0.8886	nan	nan	61	0
58	0.9355	0	0	2.1724	0.8333	nan	nan	63	0
59	0.8710	0	0	2.2222	0.9162	nan	nan	60	0
60	0.9355	0	0	2.2069	0.8859	nan	nan	64	0
61	0.9677	0	0	2.2333	0.8439	nan	nan	67	0
62	0.9355	0	0	2.2414	0.8966	nan	nan	65	0
63	0.9355	0	0	2.1724	0.8333	nan	nan	63	0
64	0.9032	0	0	2.1429	0.8330	nan	nan	60	0
65	0.8710	0	0	2.1481	0.8478	nan	nan	58	0
66	1.0000	0	0	2.2258	0.8312	nan	nan	69	0
67	0.9355	0	0	2.1724	0.8333	nan	nan	63	0
68	0.8387	0	0	2.1538	0.8635	nan	nan	56	0
69	0.9355	0	0	2.1724	0.8333	nan	nan	63	0
70	0.9032	0	0	2.1429	0.8330	nan	nan	60	0
71	0.9355	0	0	2.1724	0.8333	nan	nan	62	1
Sink Received: data: 90 6 90 3 -12612 35 31 4040 18624 -17204 -25394 2115 -18496 -9013 4046 19657 -13220 -13076 22988 -17204 -14645 -13108 -13108 -13108 -13108 -13108 -13108 -13105 -12340 -13108 -820 -13108 -13108 -13108 -13137
72	0.9032	0	0	2.1429	0.8330	nan	nan	60	0
73	0.9032	0	0	2.1786	0.8474	nan	nan	61	0
74	0.9032	1	0	2.1379	0.8189	nan	nan	62	0
75	0.8710	0	0	2.1481	0.8478	nan	nan	58	0
76	0.8387	0	0	2.1154	0.8470	nan	nan	55	0
77	0.9032	0	0	2.1786	0.8886	nan	nan	61	0
78	0.9355	0	0	2.2414	0.8966	nan	nan	65	0
79	0.9355	0	0	2.2414	0.8966	nan	nan	65	0
80	0.9032	0	0	2.2143	0.9007	nan	nan	62	0
81	0.9355	0	0	2.2759	0.9058	nan	nan	66	0
82	0.9677	0	0	2.2333	0.8825	nan	nan	67	0
83	0.9355	0	0	2.2069	0.8461	nan	nan	64	0
84	0.9355	0	0	2.2069	0.8461	nan	nan	64	0
85	0.8710	0	0	2.1481	0.8904	nan	nan	58	0
86	0.9032	0	0	2.2143	0.9007	nan	nan	62	0
87	0.9677	1	0	2.1935	0.8951	nan	nan	68	0
88	0.8065	0	0	2.0800	0.8447	nan	nan	52	0
89	0.8065	0	0	2.1600	0.9243	nan	nan	54	0
90	0.9355	0	0	2.2069	0.8859	nan	nan	64	0
91	0.9032	0	0	2.1786	0.8886	nan	nan	61	0
92	0.8710	0	0	2.1481	0.8904	nan	nan	58	0
93	0.9032	0	0	2.1786	0.8886	nan	nan	61	0
94	0.8710	0	0	2.1852	0.9042	nan	nan	59	0
95	0.8065	0	0	2.1200	0.9086	nan	nan	53	0
96	0.9355	0	0	2.2414	0.8966	nan	nan	65	0

nodeid	prr	seq_list
1 0.873684210526	[21, 22, 23, 25, 26, 28, 30, 31, 32, 33, 34, 35, 36, 37, 38, 39, 40, 41, 42, 44, 45, 46, 47, 48, 49, 50, 51, 52, 54, 55, 56, 57, 58, 59, 60, 61, 62, 63, 64, 66, 68, 69, 70, 71, 72, 73, 74, 75, 76, 78, 79, 80, 81, 82, 84, 85, 86, 87, 88, 89, 90, 92, 93, 94, 95, 96, 97, 98, 99, 100, 101, 102, 103, 104, 105, 106, 107, 108, 109, 111, 113, 114, 115]
2 0.863157894737	[21, 22, 23, 24, 25, 26, 27, 28, 31, 33, 34, 35, 36, 37, 38, 39, 40, 41, 42, 44, 45, 46, 47, 48, 49, 50, 51, 52, 53, 54, 55, 56, 57, 58, 59, 60, 62, 63, 64, 65, 66, 67, 68, 70, 71, 72, 73, 74, 75, 76, 77, 79, 80, 82, 83, 84, 85, 86, 87, 88, 89, 90, 91, 92, 93, 96, 98, 99, 100, 101, 102, 103, 104, 105, 106, 107, 108, 109, 110, 111, 113, 115]
3 0.852631578947	[21, 22, 23, 24, 25, 26, 27, 28, 30, 32, 33, 34, 35, 36, 38, 39, 40, 41, 42, 43, 44, 45, 46, 47, 48, 49, 50, 51, 52, 53, 55, 56, 57, 58, 59, 60, 61, 62, 63, 64, 65, 66, 69, 70, 72, 73, 74, 75, 77, 78, 79, 80, 81, 82, 83, 84, 85, 87, 90, 91, 92, 93, 94, 95, 97, 98, 99, 100, 101, 102, 103, 104, 105, 106, 109, 110, 111, 112, 113, 114, 115]
4 0.81914893617	[22, 23, 24, 25, 26, 27, 30, 32, 34, 35, 36, 37, 38, 39, 40, 41, 42, 43, 45, 46, 48, 49, 50, 51, 52, 53, 54, 55, 56, 58, 59, 60, 61, 62, 63, 64, 66, 67, 68, 70, 72, 73, 74, 75, 76, 77, 78, 79, 80, 81, 82, 83, 84, 85, 86, 88, 89, 90, 91, 92, 93, 94, 97, 98, 99, 100, 101, 102, 103, 106, 108, 109, 110, 112, 113, 114, 115]
5 0.957894736842	[21, 22, 23, 24, 25, 26, 27, 28, 29, 30, 31, 32, 33, 34, 36, 37, 38, 39, 41, 42, 43, 44, 45, 46, 47, 48, 49, 50, 51, 53, 54, 55, 56, 57, 58, 59, 60, 61, 62, 63, 64, 65, 66, 67, 68, 69, 70, 71, 72, 73, 74, 75, 76, 77, 78, 79, 80, 81, 82, 83, 84, 85, 86, 87, 88, 89, 90, 91, 92, 93, 94, 95, 96, 97, 98, 99, 100, 101, 102, 103, 104, 105, 106, 107, 108, 109, 110, 111, 112, 113, 115]
6 0.821052631579	[21, 22, 23, 24, 26, 27, 28, 29, 30, 32, 33, 34, 35, 37, 38, 39, 40, 41, 42, 44, 46, 47, 48, 49, 51, 53, 54, 56, 57, 58, 59, 60, 61, 62, 63, 64, 65, 66, 67, 68, 69, 70, 71, 72, 73, 74, 75, 76, 77, 78, 79, 80, 81, 83, 84, 85, 86, 87, 88, 90, 91, 92, 93, 95, 96, 97, 99, 100, 101, 102, 103, 105, 106, 107, 108, 111, 112, 115]
7 0.947368421053	[21, 22, 23, 24, 25, 26, 27, 28, 29, 30, 31, 32, 33, 34, 35, 36, 37, 38, 39, 40, 41, 42, 43, 44, 45, 46, 47, 48, 49, 50, 51, 52, 53, 54, 55, 56, 57, 58, 59, 60, 61, 62, 63, 64, 65, 66, 67, 68, 69, 71, 74, 75, 76, 77, 78, 79, 80, 81, 82, 83, 84, 85, 86, 87, 88, 89, 90, 91, 93, 94, 95, 96, 97, 98, 100, 101, 102, 103, 104, 105, 106, 107, 108, 109, 110, 111, 112, 113, 114, 115]
8 0.821052631579	[21, 22, 23, 24, 25, 26, 27, 28, 29, 30, 31, 32, 34, 35, 36, 37, 38, 39, 40, 42, 43, 44, 45, 46, 47, 48, 49, 50, 51, 52, 53, 54, 55, 56, 57, 58, 59, 60, 61, 64, 65, 67, 68, 69, 70, 71, 72, 74, 75, 76, 77, 78, 79, 80, 81, 82, 83, 85, 86, 87, 88, 92, 96, 97, 98, 99, 100, 101, 102, 103, 105, 107, 109, 110, 111, 112, 113, 115]
10 0.894736842105	[21, 22, 24, 25, 26, 27, 28, 30, 31, 32, 34, 35, 36, 38, 39, 40, 41, 42, 43, 44, 45, 46, 47, 48, 49, 50, 51, 52, 53, 54, 56, 57, 58, 59, 60, 61, 62, 63, 64, 65, 66, 67, 68, 69, 71, 72, 73, 74, 75, 76, 77, 78, 79, 80, 81, 82, 83, 85, 86, 88, 89, 90, 91, 92, 93, 94, 95, 96, 97, 98, 99, 100, 101, 102, 103, 104, 105, 106, 107, 109, 110, 111, 112, 114, 115]
11 0.842105263158	[21, 22, 23, 24, 25, 27, 29, 30, 31, 32, 33, 34, 35, 36, 38, 39, 40, 42, 43, 44, 45, 46, 47, 48, 50, 51, 52, 53, 54, 56, 57, 58, 59, 60, 61, 62, 63, 64, 66, 67, 68, 69, 70, 73, 74, 75, 76, 77, 78, 79, 80, 81, 83, 84, 85, 88, 89, 90, 91, 92, 93, 94, 95, 96, 97, 98, 99, 100, 101, 102, 103, 104, 105, 106, 107, 109, 112, 113, 114, 115]
12 0.810526315789	[21, 22, 23, 24, 28, 29, 30, 33, 34, 35, 37, 38, 39, 40, 42, 43, 44, 45, 46, 47, 48, 49, 50, 51, 52, 53, 54, 55, 56, 57, 58, 59, 60, 61, 62, 63, 64, 66, 67, 68, 69, 70, 71, 73, 74, 75, 77, 78, 80, 81, 82, 83, 84, 85, 86, 87, 88, 89, 91, 94, 96, 97, 98, 99, 100, 101, 104, 105, 106, 108, 109, 110, 111, 112, 113, 114, 115]
13 0.905263157895	[21, 23, 24, 25, 26, 27, 28, 29, 31, 32, 33, 35, 36, 37, 38, 39, 40, 41, 42, 43, 44, 45, 46, 47, 48, 49, 50, 51, 52, 53, 54, 55, 56, 57, 58, 59, 60, 61, 63, 64, 65, 66, 67, 68, 69, 70, 71, 72, 74, 75, 76, 77, 79, 80, 81, 82, 83, 84, 85, 86, 87, 88, 89, 90, 91, 92, 93, 94, 95, 96, 97, 98, 99, 101, 102, 104, 106, 107, 108, 109, 110, 111, 112, 113, 114, 115]
14 0.894736842105	[21, 22, 23, 24, 25, 26, 27, 28, 29, 30, 31, 32, 33, 34, 35, 36, 37, 38, 39, 40, 41, 43, 44, 46, 47, 48, 49, 50, 51, 52, 53, 54, 55, 56, 58, 59, 60, 64, 65, 66, 67, 68, 69, 70, 71, 72, 73, 74, 75, 76, 77, 78, 79, 80, 82, 83, 84, 85, 86, 87, 88, 89, 90, 91, 92, 93, 94, 95, 96, 97, 98, 100, 101, 102, 103, 104, 105, 106, 109, 110, 111, 112, 113, 114, 115]
15 0.881720430108	[21, 22, 23, 24, 26, 27, 28, 29, 30, 31, 32, 33, 34, 35, 36, 37, 38, 39, 40, 41, 42, 43, 44, 45, 46, 47, 48, 49, 52, 55, 56, 57, 58, 59, 62, 63, 64, 65, 66, 67, 68, 69, 70, 71, 72, 73, 74, 76, 77, 78, 79, 80, 81, 82, 83, 85, 86, 87, 88, 89, 90, 91, 92, 93, 94, 95, 96, 97, 98, 99, 100, 101, 102, 103, 104, 105, 106, 108, 109, 110, 112, 113]
17 0.852631578947	[21, 22, 23, 24, 25, 26, 27, 30, 33, 34, 36, 37, 38, 39, 40, 42, 43, 44, 45, 49, 50, 51, 52, 53, 54, 55, 56, 57, 58, 59, 60, 61, 64, 65, 66, 67, 68, 69, 70, 71, 72, 73, 74, 75, 76, 77, 78, 79, 80, 81, 82, 83, 84, 85, 86, 87, 89, 90, 91, 92, 93, 94, 95, 96, 97, 98, 99, 100, 101, 102, 103, 105, 106, 107, 108, 109, 110, 112, 113, 114, 115]
18 0.936842105263	[21, 22, 23, 24, 25, 26, 27, 28, 29, 30, 31, 32, 33, 34, 35, 36, 37, 38, 39, 40, 41, 42, 43, 44, 45, 46, 47, 48, 49, 52, 54, 55, 56, 57, 58, 59, 60, 61, 62, 63, 64, 65, 66, 67, 69, 70, 72, 73, 74, 75, 76, 77, 78, 79, 80, 81, 82, 83, 84, 85, 86, 87, 88, 89, 90, 91, 92, 93, 94, 96, 97, 98, 99, 100, 101, 102, 103, 104, 105, 106, 107, 108, 109, 110, 111, 112, 113, 114, 115]
19 0.852631578947	[21, 22, 24, 25, 26, 28, 29, 30, 32, 33, 34, 36, 37, 38, 39, 40, 41, 42, 43, 44, 45, 46, 47, 48, 49, 50, 52, 53, 54, 55, 56, 57, 58, 59, 61, 62, 63, 64, 65, 66, 68, 69, 71, 73, 74, 75, 76, 77, 80, 81, 82, 83, 84, 85, 86, 87, 88, 89, 90, 91, 92, 93, 94, 95, 96, 97, 98, 99, 100, 102, 103, 104, 105, 106, 108, 109, 110, 111, 113, 114, 115]
20 0.863157894737	[21, 22, 23, 24, 25, 26, 27, 28, 30, 32, 33, 34, 35, 36, 38, 39, 40, 41, 42, 43, 44, 45, 46, 48, 49, 51, 52, 53, 54, 56, 57, 58, 59, 60, 61, 62, 63, 64, 65, 66, 67, 68, 69, 70, 71, 73, 74, 75, 76, 78, 79, 80, 81, 82, 84, 85, 86, 87, 88, 89, 90, 91, 92, 93, 94, 95, 97, 98, 99, 100, 101, 102, 103, 104, 106, 107, 108, 109, 110, 111, 112, 115]
22 0.842105263158	[21, 22, 23, 25, 27, 28, 29, 30, 31, 32, 34, 35, 36, 37, 38, 39, 41, 42, 43, 44, 45, 46, 47, 48, 49, 50, 51, 52, 53, 54, 56, 57, 58, 59, 60, 61, 62, 63, 65, 66, 67, 68, 69, 71, 72, 75, 77, 78, 79, 80, 81, 82, 84, 85, 86, 87, 88, 89, 90, 92, 94, 95, 96, 97, 98, 100, 101, 102, 103, 104, 105, 106, 107, 108, 110, 111, 112, 113, 114, 115]
24 1.0	[21, 22, 23, 24, 25, 26, 27, 28, 29, 30, 31, 32, 33, 34, 35, 36, 37, 38, 39, 40, 41, 42, 43, 44, 45, 46, 47, 48, 49, 50, 51, 52, 53, 54, 55, 56, 57, 58, 59, 60, 61, 62, 63, 64, 65, 66, 67, 68, 69, 70, 71, 72, 73, 74, 75, 76, 77, 78, 79, 80, 81, 82, 83, 84, 85, 86, 87, 88, 89, 90, 91, 92, 93, 94, 95, 96, 97, 98, 99, 100, 101, 102, 103, 104, 105, 106, 107, 108, 109, 110, 111, 112, 113, 114, 115]
25 1.0	[21, 22, 23, 24, 25, 26, 27, 28, 29, 30, 31, 32, 33, 34, 35, 36, 37, 38, 39, 40, 41, 42, 43, 44, 45, 46, 47, 48, 49, 50, 51, 52, 53, 54, 55, 56, 57, 58, 59, 60, 61, 62, 63, 64, 65, 66, 67, 68, 69, 70, 71, 72, 73, 74, 75, 76, 77, 78, 79, 80, 81, 82, 83, 84, 85, 86, 87, 88, 89, 90, 91, 92, 93, 94, 95, 96, 97, 98, 99, 100, 101, 102, 103, 104, 105, 106, 107, 108, 109, 110, 111, 112, 113, 114, 115]
26 0.884210526316	[21, 22, 23, 24, 25, 26, 29, 30, 31, 32, 33, 34, 35, 36, 37, 38, 40, 41, 42, 43, 44, 47, 48, 49, 50, 51, 53, 54, 55, 56, 57, 58, 59, 61, 62, 63, 64, 65, 67, 68, 69, 70, 71, 72, 73, 74, 75, 76, 77, 78, 79, 80, 81, 82, 83, 84, 85, 86, 88, 89, 90, 91, 92, 93, 94, 95, 96, 97, 98, 99, 101, 103, 104, 105, 106, 107, 108, 109, 110, 111, 112, 113, 114, 115]
27 1.0	[21, 22, 23, 24, 25, 26, 27, 28, 29, 30, 31, 32, 33, 34, 35, 36, 37, 38, 39, 40, 41, 42, 43, 44, 45, 46, 47, 48, 49, 50, 51, 52, 53, 54, 55, 56, 57, 58, 59, 60, 61, 62, 63, 64, 65, 66, 67, 68, 69, 70, 71, 72, 73, 74, 75, 76, 77, 78, 79, 80, 81, 82, 83, 84, 85, 86, 87, 88, 89, 90, 91, 92, 93, 94, 95, 96, 97, 98, 99, 100, 101, 102, 103, 104, 105, 106, 107, 108, 109, 110, 111, 112, 113, 114, 115]
28 1.0	[21, 22, 23, 24, 25, 26, 27, 28, 29, 30, 31, 32, 33, 34, 35, 36, 37, 38, 39, 40, 41, 42, 43, 44, 45, 46, 47, 48, 49, 50, 51, 52, 53, 54, 55, 56, 57, 58, 59, 60, 61, 62, 63, 64, 65, 66, 67, 68, 69, 70, 71, 72, 73, 74, 75, 76, 77, 78, 79, 80, 81, 82, 83, 84, 85, 86, 87, 88, 89, 90, 91, 92, 93, 94, 95, 96, 97, 98, 99, 100, 101, 102, 103, 104, 105, 106, 107, 108, 109, 110, 111, 112, 113, 114, 115]
30 0.905263157895	[21, 22, 23, 24, 25, 26, 27, 28, 29, 31, 32, 33, 34, 35, 36, 37, 38, 39, 40, 42, 43, 44, 46, 48, 49, 50, 51, 52, 53, 54, 55, 56, 57, 58, 59, 61, 62, 63, 64, 65, 66, 67, 68, 69, 71, 72, 74, 76, 77, 78, 79, 81, 82, 83, 84, 85, 86, 87, 88, 89, 90, 91, 92, 93, 94, 95, 96, 97, 98, 99, 100, 101, 102, 103, 104, 105, 106, 107, 108, 109, 110, 111, 112, 113, 114, 115]
32 1.0	[21, 22, 23, 24, 25, 26, 27, 28, 29, 30, 31, 32, 33, 34, 35, 36, 37, 38, 39, 40, 41, 42, 43, 44, 45, 46, 47, 48, 49, 50, 51, 52, 53, 54, 55, 56, 57, 58, 59, 60, 61, 62, 63, 64, 65, 66, 67, 68, 69, 70, 71, 72, 73, 74, 75, 76, 77, 78, 79, 80, 81, 82, 83, 84, 85, 86, 87, 88, 89, 90, 91, 92, 93, 94, 95, 96, 97, 98, 99, 100, 101, 102, 103, 104, 105, 106, 107, 108, 109, 110, 111, 112, 113, 114, 115]
33 1.0	[21, 22, 23, 24, 25, 26, 27, 28, 29, 30, 31, 32, 33, 34, 35, 36, 37, 38, 39, 40, 41, 42, 43, 44, 45, 46, 47, 48, 49, 50, 51, 52, 53, 54, 55, 56, 57, 58, 59, 60, 61, 62, 63, 64, 65, 66, 67, 68, 69, 70, 71, 72, 73, 74, 75, 76, 77, 78, 79, 80, 81, 82, 83, 84, 85, 86, 87, 88, 89, 90, 91, 92, 93, 94, 95, 96, 97, 98, 99, 100, 101, 102, 103, 104, 105, 106, 107, 108, 109, 110, 111, 112, 113, 114, 115]
34 1.0	[21, 22, 23, 24, 25, 26, 27, 28, 29, 30, 31, 32, 33, 34, 35, 36, 37, 38, 39, 40, 41, 42, 43, 44, 45, 46, 47, 48, 49, 50, 51, 52, 53, 54, 55, 56, 57, 58, 59, 60, 61, 62, 63, 64, 65, 66, 67, 68, 69, 70, 71, 72, 73, 74, 75, 76, 77, 78, 79, 80, 81, 82, 83, 84, 85, 86, 87, 88, 89, 90, 91, 92, 93, 94, 95, 96, 97, 98, 99, 100, 101, 102, 103, 104, 105, 106, 107, 108, 109, 110, 111, 112, 113, 114, 115]
35 1.0	[21, 22, 23, 24, 25, 26, 27, 28, 29, 30, 31, 32, 33, 34, 35, 36, 37, 38, 39, 40, 41, 42, 43, 44, 45, 46, 47, 48, 49, 50, 51, 52, 53, 54, 55, 56, 57, 58, 59, 60, 61, 62, 63, 64, 65, 66, 67, 68, 69, 70, 71, 72, 73, 74, 75, 76, 77, 78, 79, 80, 81, 82, 83, 84, 85, 86, 87, 88, 89, 90, 91, 92, 93, 94, 95, 96, 97, 98, 99, 100, 101, 102, 103, 104, 105, 106, 107, 108, 109, 110, 111, 112, 113, 114, 115]
36 0.829787234043	[21, 22, 23, 24, 25, 27, 28, 29, 31, 32, 33, 35, 37, 38, 39, 40, 41, 42, 43, 44, 45, 46, 47, 48, 49, 50, 51, 52, 53, 55, 56, 57, 58, 59, 60, 61, 62, 63, 66, 67, 69, 71, 72, 74, 75, 76, 77, 79, 80, 81, 82, 83, 85, 86, 88, 89, 90, 91, 93, 94, 95, 96, 99, 100, 101, 102, 103, 104, 105, 106, 107, 108, 109, 110, 111, 112, 113, 114]
37 0.936842105263	[21, 22, 23, 24, 25, 26, 27, 28, 29, 30, 31, 32, 33, 34, 35, 36, 37, 39, 40, 41, 42, 43, 44, 45, 46, 47, 48, 49, 50, 51, 52, 53, 54, 55, 56, 57, 58, 59, 60, 62, 63, 64, 65, 66, 67, 68, 69, 70, 71, 72, 73, 74, 76, 77, 78, 79, 80, 81, 82, 83, 84, 85, 86, 87, 88, 89, 90, 91, 92, 93, 95, 96, 97, 98, 99, 100, 101, 102, 103, 104, 105, 106, 107, 109, 110, 111, 112, 114, 115]
0.906082301199