2016-08-18 15:09:22 Round: 1
-2.24045039091 -1.84108215039 -1.65279859227 -1.32429100319 -0.886744195935 -0.810103688407 -0.683533942699 -0.663214310709 -0.527122079421 -0.467701239376 -0.42937567792 -0.406110032394 -0.313991455543 -0.212104756693 -0.118971979866 -0.0107078930602 -2.05438698154e-16 -1.44321299743e-16 -7.86126993715e-17 -4.44188172307e-17 -3.68279924796e-17 1.92749676565e-17 5.1336389887e-17 6.53685526578e-17 1.48520786861e-16 2.46937573178e-16 2.62442101025e-16 0.00766683065391 0.0453418031373 0.132324046564 0.177409826033 0.259175840736 0.378988895399 0.392317195875 0.422261786001 0.459624579552 0.499311640877 0.539488989236 0.57550319606 0.623119353495 0.751249466526 1.0 1.0 1.0 1.0 1.0 1.0 1.0 1.0 1.0 1.0 1.0 1.0 1.0 1.0 1.0 1.0 1.0 1.0 1.0 1.0 1.0 1.0 1.34167443569 1.37451805357 1.40852863824 1.45284999276 1.50299093018 1.52850432988 1.59301606714 1.61854637946 1.63935329722 1.74951676335 1.79828690897 1.83765123711 1.96912800454 1.98130773956 2.00548100058 2.13514973009 2.2155762758 2.2919387188 2.38152754663 2.45541972251 2.4630927576 2.55137831111 2.61939645056 2.72584876315 2.82639440782 2.92577806676 3.30541120712 3.6308674711 3.80431281622 4.19107391512 

2016-08-18 17:09:59 Round: 2
-3.86488123423 -2.26713383576 -1.93716130895 -1.58512427017 -1.23850148275 -0.835626868437 -0.547889901049 -0.472115821433 -0.313831298142 -0.018679210085 -7.44725719974e-16 -4.43401086294e-16 -2.5802164952e-16 -1.77331977982e-16 -1.17040076681e-16 -6.34093332898e-17 -5.38594277289e-17 -3.89228579922e-17 -2.33645568171e-17 8.57027738404e-18 1.29020058526e-17 3.95733792957e-17 5.3234326669e-17 9.64774995506e-17 1.49341043818e-16 3.09154368226e-16 0.0452714882378 0.178539110679 0.256792324348 0.292893218813 0.434939173969 0.623428184347 0.645990320712 1.0 1.0 1.0 1.0 1.0 1.0 1.0 1.0 1.0 1.0 1.0 1.0 1.0 1.0 1.0 1.0 1.0 1.0 1.0 1.0 1.0 1.0 1.0 1.0 1.0 1.0 1.0 1.0 1.0 1.0 1.0 1.0 1.0 1.0 1.0 1.0 1.0 1.0 1.0 1.0 1.35386044417 1.37661498071 1.56521224546 1.70710678119 1.74316907773 1.82149133615 1.95473005981 2.0 2.0 2.0 2.01867828276 2.31389048522 2.47212746151 2.54793514878 2.835565778 3.23956673603 3.5865454284 3.92982211286 4.27209711713 5.86467793399 

2016-08-18 19:10:07 Round: 3
-2.25965821145 -2.0458548206 -1.8908506861 -1.46635086694 -0.995113490795 -0.901400871413 -0.718874761863 -0.666800864079 -0.593370702592 -0.480015807962 -0.414213562373 -0.272489447866 -0.270043025071 -0.135021773245 -0.0220748347776 -5.0583224787e-16 -3.64261343335e-16 -3.35069500993e-16 -3.0877826072e-16 -2.5609142181e-16 -2.44705360734e-16 -2.04230346087e-16 -1.81727259148e-16 -1.49351732721e-16 -1.14209272452e-16 -8.35254234869e-17 -1.2796481948e-17 7.80231078235e-17 8.44547577927e-17 1.18614505213e-16 1.22141727426e-16 1.23796445557e-16 2.66788874683e-16 3.2754065699e-16 0.0132966060941 0.107659190754 0.12869365723 0.218669796508 0.231353684222 0.329211424095 0.419498129566 0.497932215189 0.781493408786 1.0 1.0 1.0 1.0 1.0 1.0 1.0 1.0 1.0 1.0 1.0 1.0 1.0 1.0 1.0 1.0 1.0 1.0 1.0 1.0 1.0 1.0 1.0 1.0 1.0 1.0 1.21860087983 1.56604199823 1.58362979874 1.67083827588 1.77582242887 1.79604846951 1.8872742847 1.90863390323 2.0 2.02622937109 2.13818654885 2.2721287228 2.27307757672 2.41421356237 2.48049650799 2.59322744413 2.64492717506 2.71873829189 2.90097642885 2.99501574853 3.42736292235 3.88902188789 3.98544394409 4.23838944309 

2016-08-18 21:10:34 Round: 4
-2.69167657041 -2.41445733058 -1.69098107034 -1.26248013733 -0.98455889102 -0.794262047239 -0.636118601288 -0.567448797792 -0.317313575869 -0.267378628475 -0.216717857307 -0.156799272595 -0.146385856345 -0.0930255933316 -0.0620270636422 -7.06662693114e-16 -3.90371300767e-16 -3.30081068356e-16 -2.77005486764e-16 -2.75548387885e-16 -1.46555229741e-16 -8.15063796669e-17 -6.88780556884e-18 0.0 1.23933974422e-16 1.26701300963e-16 1.71894353888e-16 2.86670918867e-16 3.24083119821e-16 4.73860528924e-16 5.62529343187e-16 7.42109695859e-16 0.0636587507595 0.116297449573 0.124498577669 0.185085371219 0.342692588891 0.378921872145 0.46908118844 0.625023001483 1.0 1.0 1.0 1.0 1.0 1.0 1.0 1.0 1.0 1.0 1.0 1.0 1.0 1.0 1.0 1.0 1.0 1.0 1.0 1.0 1.0 1.0 1.0 1.0 1.0 1.0 1.0 1.0 1.0 1.0 1.37125157107 1.54893100365 1.60788165022 1.65484432866 1.81499960942 1.86737569821 1.88176838005 1.94252971261 2.05616292558 2.10582453319 2.12246148711 2.16217254064 2.21833864715 2.29419398315 2.32318900204 2.58149633658 2.64145662825 2.79371052198 2.98009679874 3.25864619798 3.68915240681 4.42242100114 4.65746752917 

2016-08-18 23:10:46 Round: 5
-2.70137486297 -1.97351077225 -1.73242358389 -1.22944620224 -1.0322410949 -0.91278623166 -0.732050807569 -0.650042456743 -0.617601261092 -0.540057319508 -0.486301446871 -0.337702106825 -0.258698645383 -0.168724546093 -4.53630537687e-16 -4.22598873465e-16 -3.73831091852e-16 -2.59911762193e-16 -1.74871532306e-16 -1.04856466744e-16 -8.44646064733e-17 -3.76174290794e-17 -2.3900790461e-17 7.87069243372e-17 1.20119533051e-16 1.45036796616e-16 1.50351511808e-16 2.18432092367e-16 2.73318434432e-16 3.24212475886e-16 4.92081824287e-16 8.51026984744e-16 0.0397713854544 0.0511088058782 0.184078458458 0.228250895428 0.27269985873 0.317500211391 0.344089781239 0.455124486751 0.476807380176 0.609902701379 0.769738062392 0.804191683373 1.0 1.0 1.0 1.0 1.0 1.0 1.0 1.0 1.0 1.0 1.0 1.0 1.0 1.0 1.0 1.0 1.0 1.0 1.0 1.0 1.19580831663 1.23026193761 1.39009729862 1.52319261982 1.54487551325 1.65591021876 1.68249978861 1.72730014127 1.77174910457 1.81592154154 1.94889119412 1.96022861455 2.0 2.0 2.0 2.16872454609 2.25869864538 2.33770210682 2.48630144687 2.54005731951 2.61760126109 2.65004245674 2.73205080757 2.91278623166 3.0322410949 3.22944620224 3.73242358389 3.97351077225 4.70137486297 

2016-08-19 01:11:18 Round: 6
-2.49353751148 -2.02350797097 -1.87991461612 -1.35945882631 -1.10344463818 -0.995858001173 -0.705496750262 -0.631866475639 -0.451128421283 -0.425471768528 -0.317330694718 -0.225850047525 -0.174226180917 -0.0474177383087 -3.490251062e-16 -1.72715557545e-16 -1.61841459615e-16 -1.214387444e-16 -1.00690111308e-16 -5.02135290855e-17 -4.35996596114e-18 3.81843142598e-17 7.85396169267e-17 1.02774307978e-16 1.515816387e-16 1.72981743259e-16 1.86108549932e-16 2.67107786677e-16 4.21150065298e-16 0.0122947779572 0.0616853583457 0.110366891105 0.149283867061 0.19381811029 0.223030190974 0.272730154491 0.32943474846 0.337635445655 0.554783922653 0.571816205582 0.623200088079 0.649795107174 0.848199002867 1.0 1.0 1.0 1.0 1.0 1.0 1.0 1.0 1.0 1.0 1.0 1.0 1.0 1.0 1.0 1.0 1.0 1.0 1.0 1.0 1.15180099713 1.35020489283 1.37679991192 1.42818379442 1.44521607735 1.66236455435 1.67056525154 1.72726984551 1.77696980903 1.80618188971 1.85071613294 1.8896331089 1.93831464165 1.98770522204 2.0 2.0 2.04741773831 2.17422618092 2.22585004752 2.31733069472 2.42547176853 2.45112842128 2.63186647564 2.70549675026 2.99585800117 3.10344463818 3.35945882631 3.87991461612 4.02350797097 4.49353751148 

2016-08-19 03:11:26 Round: 7
-2.79502874323 -2.05024128364 -1.82624683068 -1.37394326299 -1.05114373464 -0.87174875392 -0.722339608763 -0.537181831071 -0.328635395023 -0.267535241402 -0.232559797467 -0.207200876691 -0.146532922347 -0.108677294132 -4.95479903169e-16 -2.07163686013e-16 -8.56848425128e-17 -6.23687480504e-17 -4.68574842416e-17 6.08205195061e-17 1.00656456048e-16 1.42520668294e-16 1.89728964167e-16 3.07173313562e-16 3.56253838675e-16 4.68782113777e-16 5.06614006985e-16 6.08438942305e-16 0.0270254503416 0.0827268287262 0.123997824949 0.208933369658 0.259054862825 0.301319861874 0.37918545461 0.422981735157 0.483288030361 0.657470892436 0.768811014696 0.825403742013 1.0 1.0 1.0 1.0 1.0 1.0 1.0 1.0 1.0 1.0 1.0 1.0 1.0 1.0 1.0 1.0 1.0 1.0 1.0 1.0 1.0 1.0 1.0 1.0 1.0 1.0 1.0 1.17459625799 1.2311889853 1.34252910756 1.51671196964 1.57701826484 1.62081454539 1.69868013813 1.74094513717 1.79106663034 1.87600217505 1.91727317127 1.97297454966 2.10867729413 2.14653292235 2.20720087669 2.23255979747 2.2675352414 2.32863539502 2.53718183107 2.72233960876 2.87174875392 3.05114373464 3.37394326299 3.82624683068 4.05024128364 4.79502874323 

2016-08-19 05:11:37 Round: 8
-2.39860828206 -1.93407948535 -1.54546791345 -1.37405513411 -1.12822910556 -0.84694618348 -0.554120763837 -0.509967353216 -0.429374007105 -0.406141967391 -0.302975294971 -0.109306048413 -0.0236590355903 -3.9086804041e-16 -2.56938200958e-16 -2.25388594449e-16 -2.01578323399e-16 -1.83943082649e-16 -1.52446935841e-16 -1.30761772963e-16 -6.45983324944e-17 -4.24489575647e-17 -1.49642741453e-18 1.28951789432e-17 3.89970157338e-17 7.52295105475e-17 8.76951303747e-17 1.16521018394e-16 2.33492924257e-16 4.989671983e-16 5.5329155701e-16 0.0155787626857 0.0894327584257 0.130892987167 0.210067122927 0.25099559088 0.292893218813 0.334488889742 0.354565667618 0.409443226034 0.440183026564 0.503112959063 0.560157045232 0.595027110783 0.657748633548 0.831372459414 1.0 1.0 1.0 1.0 1.0 1.0 1.0 1.0 1.0 1.0 1.0 1.0 1.0 1.0 1.0 1.0 1.0 1.16635181738 1.35438439365 1.41527930537 1.43812008193 1.48082378732 1.55718411952 1.58582983451 1.62872894892 1.69710958617 1.70710678119 1.74658797549 1.78842008749 1.87143192711 1.91621246605 1.98227339085 2.0 2.0 2.02466171489 2.10675543045 2.29533337802 2.39492486423 2.43297509434 2.50972288724 2.55944362784 2.82299729603 3.13960128725 3.38021358422 3.55081905493 3.94856394676 4.38511444647 

2016-08-19 07:12:10 Round: 9
-2.35232028696 -1.94465322345 -1.63986944042 -1.41388688238 -1.28369950444 -1.06301817655 -0.939330663445 -0.72253079439 -0.675809757171 -0.549606184571 -0.261038246294 -0.207533637796 -0.13448966257 -0.115767560247 -0.0637146757121 -0.0139038606244 -1.4746233748e-15 -3.14553947934e-16 -2.51289060425e-16 -1.52460875305e-16 -9.92042669024e-17 -2.49633063646e-17 -2.41841569838e-17 6.02748965798e-17 1.60778822561e-16 2.37239945469e-16 2.53477946371e-16 0.00388554603877 0.112169301773 0.156683334485 0.267699449368 0.286514216278 0.304423808502 0.443186446136 0.448088341413 0.472585004586 0.490189371751 0.578974998506 0.580521195065 0.600600229084 0.680989031059 1.0 1.0 1.0 1.0 1.0 1.0 1.0 1.0 1.0 1.0 1.0 1.0 1.0 1.0 1.0 1.0 1.0 1.0 1.0 1.0 1.0 1.31935293282 1.39786208953 1.4194553548 1.42099801068 1.50451445652 1.52635568837 1.54954287377 1.56666047264 1.68886408397 1.7116991521 1.72743627539 1.8406864036 1.89379208668 1.92796587539 2.0 2.01434888252 2.04648142468 2.09594422603 2.17295975498 2.23036994442 2.26322783453 2.54991847079 2.72154039178 2.75450501487 2.92570139779 3.06280403971 3.30197597343 3.40887779614 3.62368001551 3.94522368896 4.34191767058 

2016-08-19 09:12:31 Round: 10
-2.2502692436 -1.88859887507 -1.56156870782 -1.35615606078 -0.950521712689 -0.867367109569 -0.81360977959 -0.555573297163 -0.5036218037 -0.473202150648 -0.446641574754 -0.29386495262 -0.241025692268 -0.0904760267284 -6.5431045916e-16 -6.20378948321e-16 -4.92109081251e-16 -3.91109105793e-16 -2.41875128071e-16 -1.90923789594e-16 6.32317122608e-17 6.97078740375e-17 9.44688795123e-17 1.31115567026e-16 1.92071475778e-16 2.56680824467e-16 2.64260260655e-16 2.9328410582e-16 4.37950355859e-16 4.91326791896e-16 5.2302918642e-16 0.0589453314977 0.116404138155 0.130297285446 0.144993845128 0.201890145486 0.272979110563 0.332918383619 0.377585949496 0.43015876898 0.479804196331 0.615433253063 0.730768449881 1.0 1.0 1.0 1.0 1.0 1.0 1.0 1.0 1.0 1.0 1.0 1.0 1.0 1.0 1.0 1.0 1.0 1.0 1.0 1.0 1.0 1.0 1.0 1.26923155012 1.38456674694 1.52019580367 1.56984123102 1.6224140505 1.66708161638 1.72702088944 1.79810985451 1.85500615487 1.86970271455 1.88359586185 1.9410546685 2.0 2.09047602673 2.24102569227 2.29386495262 2.44664157475 2.47320215065 2.5036218037 2.55557329716 2.81360977959 2.86736710957 2.95052171269 3.35615606078 3.56156870782 3.88859887507 4.2502692436 

2016-08-19 11:12:56 Round: 11
-2.26141244608 -2.01186781905 -1.55838591046 -1.27022164582 -0.991392576914 -0.644546372745 -0.527641331474 -0.491982030402 -0.414213562373 -0.403138539564 -0.298540752822 -0.183931972057 -0.115023273936 -0.108325937716 -0.0398284984726 -3.81245971553e-16 -3.13549528529e-16 -2.66312365007e-16 -2.45465323712e-16 -2.21461429736e-16 -1.86500128344e-16 -1.24569492509e-16 -7.92273007284e-17 -5.05747609029e-17 -2.07110535631e-17 -1.98009672407e-33 0.0 5.41610625215e-18 1.29153351116e-17 2.24288797429e-17 7.07015890791e-17 7.93867625661e-17 1.47543717538e-16 1.94869789052e-16 2.54676015739e-16 3.42877485901e-16 6.01950615301e-16 0.117673490822 0.135351163455 0.177068836525 0.223621486333 0.248324151092 0.34558061294 0.372643527595 0.43413663816 0.515424355424 0.58501447304 0.603884956922 0.763720028091 1.0 1.0 1.0 1.0 1.0 1.0 1.0 1.0 1.0 1.0 1.0 1.0 1.0 1.0 1.0 1.2556928406 1.32343596005 1.47445809904 1.56244022206 1.6000270096 1.638623172 1.65737691109 1.73100644273 1.78845108222 1.82742204494 1.8645643464 1.88138901125 2.0 2.0 2.05021956597 2.10889198814 2.14654354951 2.20702057695 2.29988947364 2.34830485754 2.41421356237 2.48506561566 2.52087247432 2.64357953146 2.99139146037 3.25457595041 3.46550397583 4.00269162994 4.25435759541 

2016-08-19 13:13:15 Round: 12
-2.71162316329 -2.01535564171 -1.78959578701 -1.50081425115 -1.41756272632 -0.882674487705 -0.57864531602 -0.555609092225 -0.543567686411 -0.386330291172 -0.334188400893 -0.172957686719 -0.146351708734 -0.0943547291192 -3.15065577612e-16 -2.00546361133e-16 -9.50743804774e-17 -7.49768129553e-17 -6.62799149757e-17 -2.16248285697e-17 6.09304909954e-17 1.2170660433e-16 1.2306576863e-16 1.54305220419e-16 1.85383856792e-16 2.7138849239e-16 3.33885644896e-16 0.0157558574366 0.0574552729137 0.0967020233436 0.136448457371 0.178052215029 0.230556906834 0.261189233269 0.304956621762 0.384371790545 0.398889863709 0.479451844287 0.5421197454 0.613642487201 0.650115028476 0.714070928271 1.0 1.0 1.0 1.0 1.0 1.0 1.0 1.0 1.0 1.0 1.0 1.0 1.0 1.0 1.0 1.0 1.0 1.0 1.0 1.0 1.0 1.28584934097 1.34977044424 1.406163094 1.45651695938 1.52111935963 1.58643696873 1.59817398247 1.63131535788 1.73313245624 1.81181905197 1.82321905351 1.84079327988 1.90771396213 1.94741438832 2.0 2.01244618218 2.09732513907 2.1308091217 2.16668138426 2.38068049929 2.41783589896 2.55511693668 2.57631204339 2.63749387011 2.88412708291 3.423360418 3.46739732152 3.74071007332 3.97083860395 4.70528041795 

2016-08-19 15:13:48 Round: 13
-2.67139271626 -1.91609969212 -1.65016418898 -1.18667045908 -1.13709942831 -0.993629847063 -0.883376961163 -0.76089109412 -0.576385369652 -0.507347042628 -0.482861657365 -0.414997374047 -0.224744871392 -0.151565444586 -4.0773053317e-16 -2.37928501297e-16 -1.99846096296e-16 -1.79550529377e-16 -5.65323553397e-17 -3.81109372836e-17 -3.01131844883e-17 -2.40737592373e-17 -1.32272665043e-17 1.07354914259e-17 6.12048198583e-17 9.72276757789e-17 1.98252158119e-16 2.07511531265e-16 0.0427101097442 0.118244736548 0.190739513813 0.232076501283 0.300082434108 0.345182327942 0.433023362438 0.570523925001 0.589556523956 0.656806031371 0.83906562098 1.0 1.0 1.0 1.0 1.0 1.0 1.0 1.0 1.0 1.0 1.0 1.0 1.0 1.0 1.0 1.0 1.0 1.0 1.0 1.0 1.0 1.0 1.0 1.0 1.0 1.0 1.0 1.0 1.13175226628 1.2807117034 1.40679045442 1.42694769906 1.5585917178 1.65553505159 1.70353245799 1.73876699167 1.8224802269 1.87223803447 2.0 2.07984104769 2.1514780982 2.22474487139 2.41512796568 2.49174989785 2.50062841857 2.56175249875 2.76125220382 2.88435452997 3.00332084491 3.13672371297 3.26565311239 3.58190881788 3.91254371438 4.67078872157 

2016-08-19 17:13:56 Round: 14
-2.19789248271 -1.71898144933 -1.50991432354 -1.25463320922 -0.806102504009 -0.685026383777 -0.593889720683 -0.518398825097 -0.466807482729 -0.4504837999 -0.326022783311 -0.251758846283 -0.165702187978 -0.101968301309 -0.0530970018308 -4.93397226361e-16 -3.98935111862e-16 -3.37085940167e-16 -2.44707812927e-16 -2.25987061658e-16 -1.56045308035e-16 -1.48024441443e-16 -1.21870026366e-16 -1.17040900347e-16 -7.88617760388e-17 -2.91376147326e-17 0.0 5.68448518754e-17 1.02025794247e-16 1.44823952682e-16 1.53744356702e-16 2.05773836401e-16 2.95836460727e-16 4.1047795093e-16 0.0470288869617 0.0911210619805 0.110877844755 0.24312449351 0.328593445 0.403741949373 0.436177694054 0.50397585491 0.600306241295 0.628332074974 0.72282879287 0.886455845426 1.0 1.0 1.0 1.0 1.0 1.0 1.0 1.0 1.0 1.0 1.0 1.0 1.0 1.0 1.0 1.0 1.0 1.0 1.0 1.23055418707 1.27569643807 1.36790432283 1.42086267888 1.4985977917 1.53653974082 1.57779005295 1.66080684252 1.69429495901 1.79796666435 1.83733994545 1.93834964845 1.95400457045 2.11830323177 2.15192033969 2.1693988067 2.2424909781 2.2677675733 2.40891521097 2.45229876892 2.48130631212 2.53543652127 2.60016007232 2.77473130601 2.96084196897 3.31047855027 3.70469228678 4.12866534682 

2016-08-19 19:14:14 Round: 15
-2.20279489721 -1.73909429989 -1.55395983711 -1.30672908944 -1.01197294549 -0.835482527591 -0.711011788663 -0.615029025192 -0.497860134998 -0.487617986892 -0.354992235234 -0.16206630511 -0.12125000167 -0.0344004649449 -1.30021635378e-15 -7.136538184e-16 -4.6263005696e-16 -4.55194010595e-16 8.64495053751e-19 1.60862061043e-17 9.25051354055e-17 2.60522463975e-16 3.2099858722e-16 4.85312804538e-16 9.31172309721e-16 9.94751924405e-16 0.0682392438189 0.112450113929 0.166589705789 0.173841680819 0.208115209314 0.301972974407 0.352350150392 0.417860905988 0.450492007644 0.580751632044 0.593948207238 0.594972825585 0.60816310644 0.656402541524 0.668687969772 1.0 1.0 1.0 1.0 1.0 1.0 1.0 1.0 1.0 1.0 1.0 1.0 1.0 1.0 1.0 1.0 1.0 1.0 1.0 1.0 1.0 1.0 1.31883692631 1.35320564028 1.38687791454 1.41164260455 1.43707717103 1.50490604341 1.51946536584 1.55897442032 1.65873242048 1.71138382496 1.77750621726 1.80546426472 1.86269355073 1.92653175599 1.93173511339 2.0 2.00187378774 2.1079442281 2.1298859046 2.36529074673 2.50335412041 2.51825632023 2.61222582048 2.68400608744 2.88139891479 3.05250807266 3.27887278642 3.46554070942 3.81736729626 4.09586523561 

2016-08-19 21:14:38 Round: 16
-2.21768544831 -1.9279128378 -1.62520334577 -1.22193954155 -0.919393452812 -0.809133354338 -0.720659117277 -0.507971280038 -0.344043775126 -0.272641054852 -0.224747858003 -0.183495129596 -0.1521405664 -0.0894474617995 -3.2359109517e-16 -2.84772263837e-16 -2.69887957697e-16 -2.47115492187e-16 -2.43132902321e-16 -1.82340794463e-16 -8.97313836442e-17 -6.4127795231e-17 1.83006350607e-17 2.53249302554e-17 4.67270473489e-17 7.6198266977e-17 1.16672510702e-16 1.75388665443e-16 1.99012820827e-16 3.1384071594e-16 3.32882505102e-16 0.0289493409484 0.0799318786028 0.08592226247 0.13512900436 0.267083215517 0.362535358322 0.406834072827 0.541462199554 0.570094703664 0.622928332402 0.651797330837 1.0 1.0 1.0 1.0 1.0 1.0 1.0 1.0 1.0 1.0 1.0 1.0 1.0 1.0 1.0 1.0 1.0 1.0 1.0 1.0 1.0 1.0 1.0 1.0 1.0 1.0 1.26457969828 1.35749525138 1.4207377482 1.46139314256 1.56886892444 1.61609953352 1.8043096375 1.88086219384 1.9024288483 1.96985320508 1.99554935548 2.08935883868 2.14787574322 2.17888211834 2.23673392914 2.27901125667 2.34586258756 2.51314448691 2.68198064402 2.85997760301 2.9246658168 3.21971083198 3.60017832733 3.92701547287 4.21717132904 

2016-08-19 23:14:55 Round: 17
-2.44158276541 -1.87398385408 -1.63240189307 -1.34784173221 -0.94191834831 -0.846454829327 -0.741142966826 -0.681976923845 -0.622576046105 -0.42372488892 -0.308028557058 -0.291042366114 -0.184106786917 -3.11231575474e-16 -1.51578597712e-16 -1.38332473758e-16 -9.51317419603e-17 -4.27430095238e-17 -4.08441762383e-17 -1.73304529201e-17 9.43255890062e-18 1.71717217341e-17 2.6011058364e-17 4.22296746183e-17 5.41277395307e-17 1.06128198035e-16 1.46010364986e-16 1.62492468551e-16 2.04909129825e-16 2.29099150997e-16 0.102081206804 0.184169954103 0.239207141699 0.247885286791 0.326047417334 0.335880641579 0.352527429624 0.415748275787 0.439333340892 0.602838302957 0.618425796517 1.0 1.0 1.0 1.0 1.0 1.0 1.0 1.0 1.0 1.0 1.0 1.0 1.0 1.0 1.0 1.0 1.0 1.0 1.0 1.0 1.0 1.0 1.0 1.0 1.0 1.0 1.0 1.38157420348 1.39716169704 1.56066665911 1.58425172421 1.64747257038 1.66411935842 1.67395258267 1.75211471321 1.7607928583 1.8158300459 1.8979187932 2.0 2.18410678692 2.29104236611 2.30802855706 2.42372488892 2.6225760461 2.68197692385 2.74114296683 2.84645482933 2.94191834831 3.34784173221 3.63240189307 3.87398385408 4.44158276541 

2016-08-20 01:15:18 Round: 18
-2.26778445978 -1.95207159192 -1.61347845393 -1.13339165989 -0.822379173662 -0.811724026088 -0.599888045229 -0.482908268898 -0.428690143505 -0.414213562373 -0.224744871392 -0.152843824938 -0.129517233144 -4.76898873845e-16 -2.70008937653e-16 -1.74013565873e-16 -1.68681272583e-16 -1.42064726687e-16 -1.19098594705e-16 -9.18318510821e-17 -8.61577454064e-17 -4.9945948706e-17 -2.84683155852e-17 2.75479338719e-17 3.48468936914e-17 6.75352983494e-17 1.2667187474e-16 1.50968834313e-16 1.77266242536e-16 2.10395104231e-16 2.45088638407e-16 3.03154111543e-16 3.35289701304e-16 4.71857877526e-16 0.0226874767109 0.0487152407404 0.158017611608 0.18802007084 0.241480657483 0.303153551886 0.356932415394 0.495257674387 0.528141150362 0.53300421888 0.737635722482 1.0 1.0 1.0 1.0 1.0 1.0 1.0 1.0 1.0 1.0 1.0 1.0 1.0 1.0 1.0 1.0 1.0 1.0 1.0 1.0 1.0 1.0 1.26236427752 1.46699578112 1.47185884964 1.50474232561 1.64306758461 1.69684644811 1.75851934252 1.81197992916 1.84198238839 1.95128475926 1.97731252329 2.0 2.0 2.12951723314 2.15284382494 2.22474487139 2.41421356237 2.4286901435 2.4829082689 2.59988804523 2.81172402609 2.82237917366 3.13339165989 3.61347845393 3.95207159192 4.26778445978 

2016-08-20 03:15:47 Round: 19
-2.39433261263 -1.85071848827 -1.56028731844 -0.978033970748 -0.782906968972 -0.724049053193 -0.671937356482 -0.504333911625 -0.353382771946 -0.277505982423 -0.21665496116 -0.196810395504 -0.0440741927763 -0.00961030874347 -3.79037673163e-16 -3.7870181962e-16 -3.37969614236e-16 -2.94298734746e-16 -1.38657899225e-16 -3.62335116722e-17 3.44331657801e-17 4.16280052071e-17 1.15753704194e-16 1.34258134089e-16 1.50717654503e-16 1.91680664217e-16 2.55158531003e-16 3.20015154364e-16 4.0157012065e-16 4.67253801819e-16 0.0836840558275 0.0962836711043 0.159471071202 0.251352614185 0.274395863589 0.357169324001 0.379410777577 0.433162937424 0.482964235453 0.534459222371 0.576334921787 0.630669850507 0.737034358673 1.0 1.0 1.0 1.0 1.0 1.0 1.0 1.0 1.0 1.0 1.0 1.0 1.0 1.0 1.0 1.0 1.0 1.0 1.0 1.0 1.0 1.0 1.0 1.26301222312 1.38517120595 1.42366240461 1.45864424744 1.51469116325 1.56990150083 1.62043131468 1.66126828392 1.74745346379 1.77637904573 1.84053818801 1.86711587334 1.91592634971 2.00958112409 2.04337327508 2.19481356007 2.21793981943 2.27693706128 2.35488978144 2.50442943972 2.67188389032 2.74231945716 2.78273764121 2.9525959088 3.52804206508 3.85046884163 4.39403825955 

2016-08-20 05:16:55 Round: 20
-2.81605043584 -1.88982179168 -1.56341438879 -1.26290563747 -0.991826860092 -0.937844952046 -0.818118147248 -0.731880293566 -0.470526277505 -0.374487414238 -0.355147465415 -0.272602438594 -0.255997467197 -3.62015644367e-16 -2.1045070261e-16 -1.97906357714e-16 -1.96397612118e-16 -1.21817058531e-16 -3.99289833102e-17 -3.71542531984e-17 1.23668492185e-17 1.74150254134e-17 8.39172481504e-17 8.69219318796e-17 1.84418560123e-16 3.30680783208e-16 0.0564582548844 0.109455411128 0.138171800103 0.20439138765 0.302302042138 0.3099075166 0.319681808615 0.374777021507 0.419650492142 0.449371668335 0.535278783412 0.664920062339 0.692268763982 0.738421515125 1.0 1.0 1.0 1.0 1.0 1.0 1.0 1.0 1.0 1.0 1.0 1.0 1.0 1.0 1.0 1.0 1.0 1.0 1.0 1.0 1.0 1.0 1.0 1.0 1.0 1.0 1.15537569589 1.31191484576 1.40842211526 1.48163029277 1.50932359481 1.5830017522 1.62513103623 1.67939870755 1.69515457059 1.73792374482 1.80327559922 1.86229745145 1.88878614682 1.94372556316 2.25681002245 2.27052636214 2.34857115595 2.36901995293 2.48771826642 2.73152594128 2.82249381187 2.93770800233 2.99066883793 3.26220767706 3.5580435656 3.88892767527 4.81598465395 

2016-08-20 07:20:08 Round: 21
-2.43062558748 -1.75821541029 -1.53900631762 -1.31301624144 -0.81999631844 -0.762859893599 -0.716214872523 -0.425654941976 -0.404228579482 -0.217091832898 -0.124896644528 -0.0661266954121 -0.0272923152545 -4.42109530301e-16 -3.42453447473e-16 -3.19698238086e-16 -1.99894505969e-16 -1.76068047951e-16 -8.90768657682e-17 -8.0370001046e-17 -6.2757541711e-17 -3.70620527833e-17 -2.64589224325e-17 4.59950187261e-17 9.32721232697e-17 1.48354203481e-16 1.90679957675e-16 1.99122079665e-16 1.99860369414e-16 2.06594372311e-16 2.38782684179e-16 2.78041394524e-16 4.94075941176e-16 0.0359322844896 0.113894798777 0.148484447822 0.244366258196 0.379046583224 0.441712283219 0.517288071094 0.519763831128 0.603071816879 0.675143589079 1.0 1.0 1.0 1.0 1.0 1.0 1.0 1.0 1.0 1.0 1.0 1.0 1.0 1.0 1.0 1.0 1.0 1.0 1.0 1.0 1.0 1.0 1.0 1.0 1.0 1.32485641092 1.39692818312 1.48023616887 1.48271192891 1.55828771678 1.62095341678 1.7556337418 1.85151555218 1.88610520122 1.96406771551 2.0 2.0 2.02729231525 2.06612669541 2.12489664453 2.2170918329 2.40422857948 2.42565494198 2.71621487252 2.7628598936 2.81999631844 3.31301624144 3.53900631762 3.75821541029 4.43062558748 

2016-08-20 09:21:15 Round: 22
-2.41231374607 -1.87696064545 -1.6663520477 -1.59372894596 -1.09758964835 -1.00300427422 -0.771508948567 -0.7079156761 -0.593566885894 -0.340359078306 -0.256452225784 -0.093965688495 -9.98656141671e-16 -9.51387406356e-16 -8.3657039629e-16 -6.93088931041e-16 -6.82370589341e-16 -6.80214356408e-16 -2.43218403087e-16 -1.03152252429e-16 1.07288351881e-16 7.66426332557e-16 1.48366438856e-15 0.0477908932357 0.067468486753 0.160817186296 0.204279223353 0.272816718043 0.331387418215 0.425819940032 0.539485142374 0.553030534778 0.590001008544 0.647506422763 0.713656823585 1.0 1.0 1.0 1.0 1.0 1.0 1.0 1.0 1.0 1.0 1.0 1.0 1.0 1.0 1.0 1.0 1.0 1.0 1.0 1.0 1.0 1.0 1.0 1.0 1.0 1.0 1.0 1.0 1.0 1.0 1.0 1.0 1.0 1.0 1.28634317642 1.35249357724 1.40999899146 1.44696946522 1.46051485763 1.57418005997 1.66861258178 1.72718328196 1.79572077665 1.8391828137 1.93253151325 1.95220910676 2.0939656885 2.25645222578 2.34035907831 2.59356688589 2.7079156761 2.77150894857 3.00300427422 3.09758964835 3.59372894596 3.6663520477 3.87696064545 4.41231374607 

2016-08-20 11:26:10 Round: 23
-2.11777325699 -1.79444538221 -1.43009030339 -1.00660441913 -0.913680584253 -0.833246741781 -0.582540967996 -0.409468933927 -0.344209527215 -0.278979776818 -0.206960110127 -0.158174134814 -0.0860907376952 -0.0171158422163 -4.9268487433e-16 -2.71404663538e-16 -2.19164393071e-16 -1.28126588393e-16 -9.9206188875e-17 -7.9415010668e-17 -7.04910519556e-17 -1.97435373475e-17 0.0 6.66823411282e-17 1.39980009704e-16 1.51723643525e-16 1.8141643662e-16 2.06695111919e-16 2.46338947072e-16 2.91323611336e-16 2.97249553031e-16 4.10114176556e-16 0.0314361049387 0.111927407558 0.190237190752 0.238036998427 0.267976671311 0.281748791137 0.360971319859 0.385721836947 0.468300353988 0.528774852628 0.613594337123 0.752755613011 0.840832686793 1.0 1.0 1.0 1.0 1.0 1.0 1.0 1.0 1.0 1.0 1.0 1.0 1.0 1.0 1.0 1.0 1.0 1.0 1.0 1.0 1.15916481014 1.24720089554 1.38633309058 1.47122602195 1.53167100825 1.61302317313 1.65761482457 1.6802332861 1.72448534295 1.76784272425 1.81312208164 1.88565807482 1.9691181146 2.0 2.01969298689 2.08588213591 2.12896282453 2.20836850513 2.27370658389 2.348394189 2.43267154447 2.59430159161 2.82049813346 2.96317698447 3.00151633532 3.41677430625 3.80515863875 4.10126834588 

2016-08-20 13:29:47 Round: 24
-2.57105793554 -1.88160010281 -1.74539763792 -0.968666824075 -0.855093140042 -0.803428582668 -0.591953173045 -0.524151982891 -0.465070501435 -0.355666515473 -0.308586531423 -0.144228919743 -0.0425619677889 -1.31872891533e-15 -1.11097370781e-15 -8.08378370307e-16 -3.25219236806e-16 7.06463499822e-17 1.05704997256e-16 1.8797903082e-16 4.01206862155e-16 5.19278630512e-16 1.02446449806e-15 1.79718297429e-15 1.90652203793e-15 1.96193602596e-15 0.0184430107219 0.0310077009004 0.0631239381034 0.162515945482 0.207512112529 0.285862553331 0.3700504359 0.433598984672 0.499470620933 0.554664968896 0.630005781504 0.768506833182 0.853181324224 1.0 1.0 1.0 1.0 1.0 1.0 1.0 1.0 1.0 1.0 1.0 1.0 1.0 1.0 1.0 1.0 1.0 1.0 1.0 1.0 1.0 1.0 1.0 1.0 1.0 1.0 1.0 1.0 1.13523564162 1.24905523436 1.35221674353 1.47665990195 1.55187269477 1.58922014938 1.66499617445 1.71506584089 1.8152308794 1.86104990339 1.90454199412 1.98781883638 2.0596065418 2.09804770681 2.14368527873 2.29261172241 2.38074674652 2.46257492404 2.51240340751 2.61743059589 2.74342122011 2.79100960374 2.94747006684 3.60206353558 3.86106761393 4.56441664635 

2016-08-20 15:31:10 Round: 25
-2.20642222589 -1.70096339508 -1.55485120986 -1.23002827526 -1.13220505306 -0.780880438666 -0.635123813891 -0.557732363313 -0.502412145965 -0.421836387348 -0.310600932825 -0.276433895161 -0.256276466214 -0.184182964594 -0.0901798021291 -0.0160430926837 -3.87764419258e-16 -2.67782214591e-16 -2.53013327571e-16 -2.1065415947e-16 2.40284062946e-17 3.79811828285e-17 5.06408375798e-17 7.45619613386e-17 1.00870309717e-16 1.72752104226e-16 2.4333257445e-16 2.6377522595e-16 0.0536093820089 0.10510562528 0.190340195562 0.200897538256 0.236657157046 0.321817815591 0.345333896622 0.374707847467 0.405886062465 0.464614455244 0.539057845228 0.623044499398 0.660119425582 0.719648161966 0.891445085053 1.0 1.0 1.0 1.0 1.0 1.0 1.0 1.0 1.0 1.0 1.0 1.0 1.0 1.0 1.0 1.0 1.0 1.0 1.0 1.12143450029 1.29333518171 1.33970085593 1.38375547573 1.4533802455 1.48549694433 1.58039593296 1.61580463008 1.64203362089 1.68998150085 1.72545323327 1.76027525067 1.81451419199 1.91724616872 2.00915464206 2.08762528633 2.17577585932 2.21934380536 2.2361912032 2.28649834989 2.32508442724 2.44057243182 2.49140756146 2.55277258055 2.6355766288 2.75702785754 3.07171875874 3.15530092478 3.55775882881 3.70244561648 4.19682497386 

2016-08-20 17:32:16 Round: 26
-2.22324248701 -1.74439848001 -1.52082321208 -1.35327170556 -0.856474826946 -0.75047536929 -0.56574072588 -0.51426284023 -0.32153901601 -0.257322859203 -0.176229057246 -0.0458974651175 -0.0407805637257 -4.72035172596e-16 -3.50837080661e-16 -2.59588300043e-16 -2.45682783053e-16 -1.28905442119e-16 -1.19850439291e-16 1.00282760111e-16 1.29139175367e-16 1.39795897896e-16 2.32138734363e-16 2.65368709288e-16 4.82070537127e-16 5.19982382411e-16 5.57038329864e-16 0.0025037433313 0.0516731671458 0.0941930721691 0.163974797838 0.261992089183 0.279036718629 0.296750906481 0.367257465049 0.395960298232 0.494626077811 0.499920658587 0.563903227134 0.654105561958 0.68378236096 0.760283469998 0.803044303307 1.0 1.0 1.0 1.0 1.0 1.0 1.0 1.0 1.0 1.0 1.0 1.0 1.0 1.0 1.0 1.0 1.0 1.0 1.0 1.0 1.0 1.19609896851 1.24165836556 1.3209876626 1.34455726228 1.45625295949 1.50560363317 1.52177483193 1.56087477185 1.60787189672 1.61181186204 1.67382971304 1.75417247641 1.84770131128 1.94264355311 1.96729397776 1.99279504879 2.05103524519 2.15889644294 2.19409564865 2.27558731128 2.32326199133 2.5182991659 2.58504490796 2.75614642303 2.82975207804 3.38794784573 3.49563098795 3.68350564654 4.1923187014 

2016-08-20 19:33:58 Round: 27
-2.25825862624 -1.86239537288 -1.6133830299 -1.50991040643 -1.26407270795 -0.982350762511 -0.624422211826 -0.480151778548 -0.345516702253 -0.323422336749 -0.32008874201 -0.273023047868 -0.183951047246 -0.0846819150424 -0.0486413405511 -1.64235853544e-15 -1.59689969769e-15 -8.91722405551e-16 -4.65448264974e-16 -4.45407093809e-16 -2.82272035607e-16 -4.04395205229e-18 2.36234958243e-16 2.3957204307e-16 3.17668918113e-16 5.02055382356e-16 5.29388537265e-16 7.61632673702e-16 8.53955654083e-16 9.45200962044e-16 1.83882626857e-15 0.0830964966151 0.109777625433 0.18144724839 0.277427350665 0.305989630545 0.372110501274 0.487546104797 0.516158886345 0.696921642423 0.818706752311 1.0 1.0 1.0 1.0 1.0 1.0 1.0 1.0 1.0 1.0 1.0 1.0 1.0 1.0 1.0 1.0 1.0 1.0 1.0 1.0 1.0 1.0 1.0 1.0 1.0 1.18129324769 1.30307835758 1.48384111366 1.5124538952 1.62788949873 1.69401036946 1.72257264934 1.81855275161 1.89022237457 1.91690350338 2.0 2.0 2.04864134055 2.08468191504 2.18395104725 2.27302304787 2.32008874201 2.32342233675 2.34551670225 2.48015177855 2.62442221183 2.98235076251 3.26407270795 3.50991040643 3.6133830299 3.86239537288 4.25825862624 

2016-08-20 21:37:08 Round: 28
-2.11189732092 -1.6834565691 -1.31282648402 -1.02583639026 -0.895107476718 -0.831144637916 -0.717734242608 -0.659991478764 -0.538781904166 -0.39547650543 -0.214257528974 -0.167172260971 -0.132156913287 -0.0919948841954 -0.0542226807709 -4.09912685947e-16 -2.97268279148e-16 -2.3752035945e-16 -2.06092578902e-16 -1.80734384481e-16 -1.52510263518e-16 -1.44042217752e-16 -1.01233690462e-16 -7.46317015134e-17 -3.0201530411e-17 5.38803668141e-18 5.05402392789e-17 7.47244880143e-17 1.26591144254e-16 1.42127064164e-16 1.76001689641e-16 1.84912719132e-16 2.06251473632e-16 2.239331384e-16 0.051311514519 0.0950384133629 0.159199261561 0.234106426912 0.285863273033 0.365784850306 0.468170088107 0.477141285223 0.57789314933 0.611009448639 0.650101149758 0.77818003448 1.0 1.0 1.0 1.0 1.0 1.0 1.0 1.0 1.0 1.0 1.0 1.0 1.0 1.0 1.0 1.0 1.0 1.0 1.0 1.22181996552 1.34989885024 1.38899055136 1.42210685067 1.52285871478 1.53182991189 1.63421514969 1.71413672697 1.76589357309 1.84080073844 1.90496158664 1.94868848548 2.0 2.05422268077 2.0919948842 2.13215691329 2.16717226097 2.21425752897 2.39547650543 2.53878190417 2.65999147876 2.71773424261 2.83114463792 2.89510747672 3.02583639026 3.31282648402 3.6834565691 4.11189732092 

2016-08-20 23:37:50 Round: 29
-2.27688768036 -1.9166811846 -1.7046389527 -1.53831245026 -0.984097586579 -0.925867514413 -0.813469627928 -0.776896292968 -0.473195984757 -0.377774845279 -0.338386290897 -0.274949064057 -0.212188822131 -0.152388575375 -0.0695302361973 -3.73931112125e-16 -2.62207333857e-16 -2.09198581337e-16 -1.27243004145e-16 -1.06519048915e-16 -9.51227882665e-17 -1.3252184144e-18 0.0 7.87755886861e-17 9.03644365451e-17 1.8832643952e-16 2.11348190997e-16 2.64923176382e-16 5.91361448443e-16 0.0341281987738 0.0446367812405 0.126103616909 0.152679059884 0.180638971765 0.304678550665 0.396718879508 0.431532330687 0.445138258409 0.47420474428 0.528231584948 0.66937059369 0.755365755531 1.0 1.0 1.0 1.0 1.0 1.0 1.0 1.0 1.0 1.0 1.0 1.0 1.0 1.0 1.0 1.0 1.0 1.0 1.0 1.0 1.0 1.0 1.0 1.24463424447 1.33062940631 1.47176841505 1.52579525572 1.55486174159 1.56846766931 1.60328112049 1.69532144934 1.81936102824 1.84732094012 1.87389638309 1.95536321876 1.96587180123 2.0695302362 2.15238857538 2.21218882213 2.27494906406 2.3383862909 2.37777484528 2.47319598476 2.77689629297 2.81346962793 2.92586751441 2.98409758658 3.53831245026 3.7046389527 3.9166811846 4.27688768036 

2016-08-21 01:38:45 Round: 30
-2.1884763869 -1.73658513934 -1.54826798142 -1.45728503821 -0.811397103202 -0.665706979322 -0.557786927918 -0.486143512231 -0.391419395628 -0.245814680752 -0.206564102225 -0.0959220978416 -0.0124555061134 -8.20716799807e-16 -6.58946540833e-16 -5.78772422124e-16 -5.47619077672e-16 -4.95935230874e-16 -4.18038238038e-16 -3.7345007364e-16 -2.77765501061e-16 -4.36096829036e-17 0.0 3.21695695346e-16 4.16250450739e-16 7.87935361585e-16 1.08331061498e-15 1.32770379544e-15 1.67900005277e-15 0.0486449929048 0.0945429725273 0.163263858482 0.227322163112 0.297659288946 0.390512207943 0.469798651564 0.560065373825 0.599994072153 0.656038909842 0.702905494962 0.858332822847 0.890666673432 1.0 1.0 1.0 1.0 1.0 1.0 1.0 1.0 1.0 1.0 1.0 1.0 1.0 1.0 1.0 1.0 1.0 1.0 1.0 1.0 1.0 1.0 1.0 1.0 1.0 1.13065565692 1.24886926148 1.31657372706 1.36127644944 1.37392739025 1.49755171041 1.60599084239 1.67104820712 1.68466913435 1.76540785283 1.8315100427 1.89534226239 1.94280143507 2.06410921677 2.15248276918 2.17764088644 2.19594721636 2.3966802463 2.4489958893 2.55269713433 2.66196206089 2.80609441741 3.32614249336 3.51444907069 3.71265802356 4.10859397153 

2016-08-21 03:39:09 Round: 31
-2.23860554028 -1.84368278702 -1.69955651502 -1.23640923223 -0.868464610437 -0.794110978284 -0.66963034396 -0.492047404277 -0.422360353938 -0.378269733343 -0.250038743996 -0.221152432352 -0.0870626709379 -0.0511459401981 -0.0289439964024 -2.00534486773e-15 -1.35736657162e-15 -8.92669698086e-16 -8.10724994687e-16 -2.80490026409e-16 -2.73921615015e-16 6.04984812247e-17 3.31084925264e-16 3.36790636466e-16 5.16694427321e-16 6.83813178243e-16 6.97749276386e-16 7.5352287925e-16 8.98471130876e-16 1.03110255089e-15 0.070872385695 0.115977639981 0.151213099436 0.17069934762 0.189595631224 0.246884395052 0.465801737167 0.49634617009 0.579267543907 0.617239154103 0.649674558446 0.671821753782 0.917140166043 1.0 1.0 1.0 1.0 1.0 1.0 1.0 1.0 1.0 1.0 1.0 1.0 1.0 1.0 1.0 1.0 1.0 1.0 1.0 1.0 1.0 1.0 1.11724882929 1.23203798526 1.3787302526 1.40694841179 1.50367613177 1.51323215988 1.59084423979 1.70584770763 1.7916788185 1.82152036188 1.85070072059 1.92945741098 1.96343323339 2.01350726544 2.03193768256 2.09740703149 2.14518388665 2.25707507963 2.38145961173 2.44034043326 2.53192506824 2.63682459048 2.80943509398 2.83994332114 3.22286712981 3.70965682386 3.83848638962 4.1775420289 

2016-08-21 05:39:54 Round: 32
-1.92942687023 -1.59375420411 -1.27743684729 -1.2608686995 -0.997446299289 -0.862891696454 -0.783701222255 -0.719623021983 -0.60278767934 -0.565937003151 -0.375614890446 -0.350726949904 -0.271277098785 -0.182612963224 -0.132922440248 -1.55328228035e-15 -1.10333110283e-15 -9.61300421128e-16 -9.39613607946e-16 -5.30730993008e-16 -3.16037576412e-16 -3.09032226197e-16 1.35387180924e-16 3.41798456283e-16 3.58399738278e-16 5.33806548368e-16 5.94064714862e-16 1.01432062111e-15 1.0215901234e-15 1.30155839795e-15 1.31318606257e-15 1.77639433935e-15 0.101405740427 0.149956768883 0.220397785663 0.242022941532 0.27879637192 0.308842666523 0.390745894936 0.505847148721 0.536526164948 0.722586551615 0.727471187867 1.0 1.0 1.0 1.0 1.0 1.0 1.0 1.0 1.0 1.0 1.0 1.0 1.0 1.0 1.0 1.0 1.0 1.0 1.0 1.0 1.0 1.0 1.0 1.0 1.22254043025 1.34278087546 1.47817189675 1.49295782771 1.55249329921 1.69152044843 1.7443003362 1.76713294659 1.82296488355 1.909652858 2.02891584782 2.14736347451 2.1833879365 2.2736977523 2.33748192872 2.34131210244 2.51759231762 2.53796157047 2.68877946413 2.78133865372 2.82981240382 2.97067459307 3.22130677805 3.32358459811 3.60503279685 3.90967064289 

2016-08-21 07:41:08 Round: 33
-2.53373315025 -2.00404017107 -1.47043331743 -1.21518364208 -1.00732643573 -0.763218391945 -0.658298218808 -0.552501998667 -0.408534338907 -0.285988528948 -0.213991197652 -0.176296018128 -0.0774692882418 -1.53287095973e-15 -1.18479705926e-15 -1.13738882898e-15 -9.84903777819e-16 -9.15262969256e-16 -1.77953075219e-16 1.5734231402e-18 1.80219469295e-16 3.29863741742e-16 7.54675766107e-16 7.7297079966e-16 1.09905574225e-15 1.54547598677e-15 1.86730153346e-15 0.0746424134689 0.115670221621 0.152683163772 0.201983301364 0.235837733817 0.291317567955 0.300129914049 0.403621572969 0.48263403561 0.614499007734 1.0 1.0 1.0 1.0 1.0 1.0 1.0 1.0 1.0 1.0 1.0 1.0 1.0 1.0 1.0 1.0 1.0 1.0 1.0 1.0 1.0 1.0 1.0 1.0 1.0 1.0 1.0 1.0 1.0 1.0 1.0 1.0 1.0 1.33013904653 1.51408495612 1.56381076276 1.66279878892 1.72203865115 1.79876133723 1.83921062686 1.8761085955 1.88860683141 2.01928706673 2.12074788235 2.19250634517 2.23903393603 2.29292059505 2.38939106698 2.56317834735 2.66130891009 2.77353995823 2.98073478174 3.21972506368 3.35090380047 3.99852789196 4.4966305232 

2016-08-21 09:41:50 Round: 34
-2.87079962135 -2.15195108245 -1.68471116309 -1.58899607192 -1.37598544592 -1.05765252409 -0.907712624976 -0.476378208921 -0.444642658095 -0.294685420518 -0.273563978183 -0.192212669451 -0.0152130524919 -1.70301705054e-15 -1.30311177369e-15 -4.83398929153e-16 -3.76373932813e-16 -3.67026369529e-16 -2.10519108593e-16 -1.31981492128e-16 0.0 4.35923178841e-17 2.48090828438e-16 3.04595037608e-16 7.77144214004e-16 7.90925484828e-16 9.70213975111e-16 1.00326716082e-15 1.41139268433e-15 0.0419469749765 0.173802139657 0.183414232417 0.236540514179 0.36319333874 0.455500768232 0.495632617788 0.577073852158 0.610211683972 0.740947356497 0.791199365452 1.0 1.0 1.0 1.0 1.0 1.0 1.0 1.0 1.0 1.0 1.0 1.0 1.0 1.0 1.0 1.0 1.0 1.0 1.0 1.0 1.0 1.0 1.0 1.0 1.0 1.0 1.0 1.0 1.2241943349 1.36367962492 1.4132944113 1.4498461973 1.50931434733 1.54632815834 1.65534821591 1.78639408391 1.82955805255 1.90062790228 2.0 2.00248363269 2.09624729211 2.23131549329 2.25876235896 2.27695643998 2.41423623279 2.47887591669 2.87453189275 2.99557142691 3.33160727647 3.49922453543 3.59259564599 4.13769285974 4.79635534484 

2016-08-21 11:43:42 Round: 35
-2.86603269989 -1.76874001468 -1.46749904977 -1.33697935419 -0.904278337868 -0.881476294861 -0.626896126621 -0.527398670629 -0.484194195185 -0.373343206204 -0.157858371662 -0.0915489559914 -0.0663557472741 -1.19723934072e-15 -9.26208592317e-16 -6.46116125726e-16 -4.42668161683e-16 -3.79921600676e-16 -2.86721933341e-16 9.29082610499e-18 1.84254941258e-16 1.88039908241e-16 5.13375191133e-16 7.86358135802e-16 8.39731959728e-16 1.17739133253e-15 1.23410748114e-15 1.25102671617e-15 1.54376279796e-15 2.7300241944e-15 0.0133535594934 0.076930071322 0.111448776781 0.184574298995 0.253645251539 0.286742001796 0.430815382932 0.510124411946 0.555286026353 0.576352857128 0.695646379916 0.748939017735 1.0 1.0 1.0 1.0 1.0 1.0 1.0 1.0 1.0 1.0 1.0 1.0 1.0 1.0 1.0 1.0 1.0 1.0 1.0 1.0 1.0 1.0 1.0 1.0 1.0 1.0 1.22726120235 1.26074500394 1.43126773107 1.43857348506 1.50392461079 1.59925900826 1.7148899499 1.75191155906 1.8231729529 1.88854860472 1.92527893959 1.96436152955 2.03370244106 2.15050415347 2.15992135309 2.41552342721 2.4931415447 2.61673500985 2.62607790146 2.90023038102 2.99340075794 3.31629771837 3.33747752129 3.67177879377 4.86475740847 

2016-08-21 13:44:03 Round: 36
-2.63492712674 -1.92123767168 -1.67720786325 -1.4158018564 -1.00823541353 -0.8960362691 -0.800116627099 -0.691834413287 -0.43792837455 -0.414213562373 -0.414213562373 -0.363699293066 -0.317922267924 -0.282997118416 -0.202635097622 -0.0949923564411 -4.81686109599e-16 -2.23639550003e-16 -1.83092420116e-16 -1.08071946309e-16 -8.60624281413e-17 -7.67747930495e-17 -7.30286698398e-17 -6.42880058911e-18 9.14730923042e-18 3.54576153391e-17 8.73599633583e-17 1.07843133113e-16 1.34076517994e-16 2.80718249442e-16 3.37923068372e-16 0.0507898368502 0.0937089330159 0.214433888281 0.225605828594 0.365436076791 0.404402469433 0.450738105921 0.532342175612 0.558404412405 0.610354765561 1.0 1.0 1.0 1.0 1.0 1.0 1.0 1.0 1.0 1.0 1.0 1.0 1.0 1.0 1.0 1.0 1.0 1.0 1.0 1.0 1.0 1.0 1.0 1.0 1.0 1.0 1.38964523444 1.44159558759 1.46765782439 1.54926189408 1.59559753057 1.63456392321 1.77439417141 1.78556611172 1.90629106698 1.94921016315 2.09499235644 2.20263509762 2.28299711842 2.31792226792 2.36369929307 2.41421356237 2.41421356237 2.43792837455 2.69183441329 2.8001166271 2.8960362691 3.00823541353 3.4158018564 3.67720786325 3.92123767168 4.63492712674 

2016-08-21 15:45:36 Round: 37
-2.16917068 -1.8685493492 -1.5238331996 -1.30634803431 -0.96533215182 -0.765234659466 -0.660180283031 -0.621812188254 -0.465529571553 -0.444040548746 -0.333764809164 -0.279916831721 -0.198380100222 -0.156219265131 -0.0789653420569 -0.00795165782154 -2.20513530878e-15 -1.72805178736e-15 -1.48476205857e-15 -8.46645503663e-16 -5.58737432494e-16 -3.06414667337e-16 -1.22483943714e-16 -1.151412061e-16 -9.66775882377e-17 -3.98444298388e-18 0.0 1.81870144684e-17 1.06938823808e-16 3.04662693317e-16 5.29126990126e-16 8.72927328256e-16 1.32512455043e-15 1.57301272045e-15 2.05125380259e-15 0.179406849695 0.223770427319 0.351163546405 0.380119308652 0.419272329482 0.479963421007 0.581666871789 0.610756228876 0.655000611287 0.743270661639 0.860044508712 1.0 1.0 1.0 1.0 1.0 1.0 1.0 1.0 1.0 1.0 1.0 1.0 1.0 1.0 1.0 1.0 1.0 1.0 1.0 1.0 1.12836996822 1.28745937613 1.36287420507 1.39348336555 1.47674398197 1.50426420918 1.52110198121 1.62148400987 1.63830054678 1.79397920802 1.82246555355 2.00833830595 2.0715296195 2.15107313379 2.18373635466 2.24920121349 2.37706437029 2.4477510103 2.50261621363 2.62195571693 2.68468922683 2.76660729806 3.04713609379 3.27497532162 3.52638764405 3.85999452841 4.03721145039 

2016-08-21 17:47:42 Round: 38
-2.53065116994 -1.7617781135 -1.44964284034 -1.05750686663 -0.934849039253 -0.789935977869 -0.610210086808 -0.555622136057 -0.418748806659 -0.316167394299 -0.216127068313 -0.0974789570994 -0.0216577467938 -3.69161236143e-16 -3.21135057485e-16 -2.80976275703e-16 -1.82827576515e-16 -1.56010263612e-16 -1.25963838862e-16 -1.54227759037e-17 -1.3529350311e-17 2.79440653933e-17 6.58370109677e-17 6.65672852629e-17 1.20719021096e-16 1.51486872355e-16 2.45054540476e-16 2.59519800816e-16 5.50889492757e-16 0.0413963835931 0.10064956202 0.16881569519 0.24553957358 0.292893218813 0.309087873997 0.323392624489 0.398037974431 0.471233157581 0.509843152082 0.53022204684 0.637574145113 0.675148099559 1.0 1.0 1.0 1.0 1.0 1.0 1.0 1.0 1.0 1.0 1.0 1.0 1.0 1.0 1.0 1.0 1.0 1.0 1.0 1.0 1.0 1.0 1.0 1.0 1.0 1.35409126191 1.36126615315 1.48522056944 1.52064982608 1.60051282129 1.67214692403 1.68855934111 1.69941227471 1.70710678119 1.75443366397 1.83293634038 1.90332723773 1.95881387355 2.02229447423 2.09633028929 2.20863244686 2.25594357035 2.34910248213 2.5256860337 2.59840258266 2.77162524597 2.88691217093 3.0557266904 3.45652610569 3.76501053135 4.52587300418 

2016-08-21 19:48:03 Round: 39
-2.66435416851 -2.31574554625 -1.79828705566 -1.27458600464 -0.81454554711 -0.77142651737 -0.669624667595 -0.448501658425 -0.414213562373 -0.350317221771 -0.340876680615 -0.271664525239 -0.211904293446 -0.188354127888 -0.100496595029 -0.015077383825 -9.22656048785e-17 -5.76405325992e-17 -1.03700126157e-17 4.66765777528e-17 1.06660342305e-16 1.23808476559e-16 1.88703713894e-16 2.36026563661e-16 3.14396650921e-16 0.0853079978029 0.141261977542 0.183077937762 0.399423218952 0.460872790647 0.513029990069 0.602796366203 0.657138210927 0.670684036726 0.773085635995 1.0 1.0 1.0 1.0 1.0 1.0 1.0 1.0 1.0 1.0 1.0 1.0 1.0 1.0 1.0 1.0 1.0 1.0 1.0 1.0 1.0 1.0 1.0 1.0 1.0 1.0 1.0 1.0 1.0 1.0 1.0 1.0 1.22758859521 1.33049979215 1.34370824332 1.39704162601 1.48747447963 1.53956019161 1.60006967567 1.81847366817 1.86458795776 1.91088913736 2.01614047824 2.07896052032 2.17792982343 2.24173351547 2.27272523799 2.34126831516 2.34520076103 2.41421356237 2.44891798443 2.65847873019 2.78579125591 2.81188272209 3.26747304739 3.80340120982 4.31602843165 4.66325843072 

2016-08-21 21:48:26 Round: 40
-2.58357444032 -2.03949788644 -1.97676572881 -1.22648581781 -0.972541960237 -0.786261914459 -0.760929941472 -0.60095069185 -0.574011771134 -0.428846775743 -0.324821730443 -0.24077565219 -0.0593302516631 -6.94231590299e-16 -6.380581932e-16 -3.9318457988e-16 -2.73465223491e-16 -1.24920419061e-16 -9.92044987824e-17 -8.58972129756e-17 2.8450357655e-17 6.667349788e-17 1.11022302463e-16 1.18557510286e-16 1.33481002388e-16 1.5658532851e-16 2.4572406097e-16 4.67468651041e-16 4.7004233952e-16 4.8209162467e-16 0.0133976312766 0.0993140633362 0.173810496695 0.198241578548 0.214281424888 0.267786970795 0.302058009088 0.375079571502 0.539772009225 0.591800272646 0.612793182697 1.0 1.0 1.0 1.0 1.0 1.0 1.0 1.0 1.0 1.0 1.0 1.0 1.0 1.0 1.0 1.0 1.0 1.0 1.0 1.0 1.0 1.0 1.0 1.0 1.0 1.0 1.0 1.3872068173 1.40819972735 1.46022799078 1.6249204285 1.69794199091 1.73221302921 1.78571857511 1.80175842145 1.8261895033 1.90068593666 1.98660236872 2.0 2.05933025166 2.24077565219 2.32482173044 2.42884677574 2.57401177113 2.60095069185 2.76092994147 2.78626191446 2.97254196024 3.22648581781 3.97676572881 4.03949788644 4.58357444032 

2016-08-21 23:48:46 Round: 41
-2.69204522227 -1.81789458711 -1.73716280274 -1.3532607662 -1.12499326609 -0.807659107056 -0.685331825794 -0.606822834442 -0.558081986536 -0.48230408685 -0.403325042777 -0.330612369516 -0.301086472421 -0.267219169878 -0.100777590554 -0.039343155178 -3.25310297371e-16 -1.60926316404e-16 -6.57873641271e-17 -1.24882926998e-17 3.21414322645e-17 1.0632870989e-16 1.47607144609e-16 2.11853104504e-16 3.2787771119e-16 0.107868661058 0.154352679019 0.198198226677 0.296663183151 0.313546170437 0.333549981404 0.365860634058 0.375713050393 0.441695484303 0.48873067731 0.554799443385 0.587772829953 0.664993089714 0.735898080135 0.907418841572 1.0 1.0 1.0 1.0 1.0 1.0 1.0 1.0 1.0 1.0 1.0 1.0 1.0 1.0 1.0 1.0 1.0 1.0 1.0 1.0 1.0 1.0 1.09258115843 1.26410191986 1.33500691029 1.41222717005 1.44520055662 1.51126932269 1.5583045157 1.62428694961 1.63413936594 1.6664500186 1.68645382956 1.70333681685 1.80180177332 1.84564732098 1.89213133894 2.03934315518 2.10077759055 2.26721916988 2.30108647242 2.33061236952 2.40332504278 2.48230408685 2.55808198654 2.60682283444 2.68533182579 2.80765910706 3.12499326609 3.3532607662 3.73716280274 3.81789458711 4.69204522227 

2016-08-22 01:49:38 Round: 42
-2.40215776511 -1.92646309395 -1.83474698434 -1.29428912321 -0.917371863551 -0.762231872422 -0.630019365238 -0.570971790464 -0.512234467664 -0.426007880085 -0.21230668692 -0.0420319398387 -0.025664772203 -5.05214759848e-16 -4.61949763674e-16 -2.16863720822e-16 -1.84824842959e-16 -1.61089514778e-16 -1.41580272169e-16 -5.24122688675e-17 -3.05957662815e-17 -4.62009824418e-18 0.0 1.18843071776e-17 3.84157550242e-17 7.20392901853e-17 7.63512892578e-17 1.4107250374e-16 2.08874126131e-16 2.37898375603e-16 2.93305171815e-16 3.13048362739e-16 3.98368262061e-16 0.0419668652054 0.0572873701433 0.09216621779 0.123955877544 0.192632089509 0.298710027745 0.351817969863 0.363948974744 0.422340565847 0.466778284304 0.494367989189 0.507810527731 0.610017774788 0.725643413452 0.868680990745 1.0 1.0 1.0 1.0 1.0 1.0 1.0 1.0 1.0 1.0 1.0 1.0 1.0 1.0 1.0 1.0 1.13131900926 1.27435658655 1.38998222521 1.49218947227 1.50563201081 1.5332217157 1.57765943415 1.63605102526 1.64818203014 1.70128997225 1.80736791049 1.87604412246 1.90783378221 1.94271262986 1.95803313479 2.0 2.0256647722 2.04203193984 2.21230668692 2.42600788009 2.51223446766 2.57097179046 2.63001936524 2.76223187242 2.91737186355 3.29428912321 3.83474698434 3.92646309395 4.40215776511 

2016-08-22 03:51:11 Round: 43
-2.37303325075 -1.93414112565 -1.55129992811 -1.22468167892 -1.15030955365 -0.870771503822 -0.732050807569 -0.567523165817 -0.37912354185 -0.296888822716 -0.242279295491 -0.219234813533 -0.0982754005199 -0.0929933687266 -3.60296789683e-16 -3.2448620028e-16 -2.21619234707e-16 -2.16117589285e-16 -1.94297454131e-16 -1.72776927312e-16 -1.37674693783e-16 -9.62165497393e-17 -7.54455912669e-17 -4.7667645706e-17 -4.08903258381e-18 4.75499215278e-18 3.79310589134e-17 1.05915428055e-16 1.25920630039e-16 1.47187416223e-16 1.79578633873e-16 1.85711300513e-16 2.28999068157e-16 3.24117982798e-16 3.7570547396e-16 4.75412216444e-16 0.159653529168 0.25926038529 0.266970266604 0.315317236757 0.404182185192 0.530508747474 0.555242865039 0.700037772076 0.7903211645 1.0 1.0 1.0 1.0 1.0 1.0 1.0 1.0 1.0 1.0 1.0 1.0 1.0 1.0 1.0 1.0 1.0 1.0 1.0 1.0 1.0 1.0 1.2096788355 1.29996222792 1.44475713496 1.46949125253 1.59581781481 1.68468276324 1.7330297334 1.74073961471 1.84034647083 2.0 2.0 2.0 2.09299336873 2.09827540052 2.21923481353 2.24227929549 2.29688882272 2.37912354185 2.56752316582 2.73205080757 2.87077150382 3.15030955365 3.22468167892 3.55129992811 3.93414112565 4.37303325075 

2016-08-22 05:53:50 Round: 44
-2.32379881758 -1.63788484067 -1.45194990179 -1.08675885706 -1.0613067677 -0.90392534819 -0.784814777136 -0.732050807569 -0.597171874841 -0.569087586929 -0.374064930558 -0.360122915003 -0.270427160735 -0.185337924393 -0.16387802095 -4.00112159995e-16 -3.39708393465e-16 -1.119673537e-16 -6.8804274086e-17 -6.62003711167e-17 -5.67752918929e-17 3.50371333662e-17 3.8380756906e-17 1.03767976393e-16 1.87501065153e-16 2.55593487791e-16 2.9432199543e-16 0.00454153602478 0.0235518854108 0.137849248766 0.230791771404 0.250011235354 0.32336365992 0.362918078019 0.413678519827 0.447466882519 0.476648961733 0.533251249472 0.687124439567 1.0 1.0 1.0 1.0 1.0 1.0 1.0 1.0 1.0 1.0 1.0 1.0 1.0 1.0 1.0 1.0 1.0 1.0 1.0 1.0 1.0 1.0 1.0 1.0 1.0 1.0 1.0 1.31136511942 1.47133973299 1.52069861131 1.551657173 1.58647171584 1.63522213895 1.67968117588 1.75019158474 1.76926807731 1.86213523488 1.98606861842 2.02966630352 2.1042253549 2.18966004764 2.27126851529 2.36565290088 2.37418216669 2.56900978967 2.59435448401 2.73205080757 2.78436422128 2.90753286444 3.06528644118 3.08888486758 3.45136148186 3.63599050094 4.32379313289 

2016-08-22 07:54:08 Round: 45
-2.14567305961 -1.87394054176 -1.73394175941 -1.43081328077 -1.13966318806 -0.87970310805 -0.798510588007 -0.636112110455 -0.562528564405 -0.534250107307 -0.384969199871 -0.342879515203 -0.308710468995 -0.167473829952 -0.105994032665 -0.0381906622986 -1.79337755392e-15 -1.3551746029e-15 -1.11760964009e-15 -8.44234026513e-16 -4.97074277997e-16 -9.99849573397e-17 -4.84779908042e-17 1.58102280041e-16 2.10293148846e-16 2.26207280665e-16 4.36103195651e-16 5.5402447418e-16 6.18575947814e-16 0.128482115782 0.199313059057 0.274682812018 0.350029808001 0.386507810771 0.408801129925 0.488974278638 0.529214134969 0.578721230592 0.700445443121 0.730731507975 0.82557973049 1.0 1.0 1.0 1.0 1.0 1.0 1.0 1.0 1.0 1.0 1.0 1.0 1.0 1.0 1.0 1.0 1.0 1.0 1.0 1.0 1.0 1.0 1.17448364936 1.24557426466 1.30181967798 1.42309744515 1.50480870103 1.53033499756 1.58765930207 1.60538310022 1.64807270545 1.72249518678 1.762588718 1.84666979069 2.0 2.0 2.03898524907 2.16597099976 2.1803818865 2.30754753701 2.34226895439 2.39397147395 2.547036338 2.64054942201 2.78246637859 2.80861816536 2.87682263023 3.27476081113 3.43248057158 3.51513548732 3.73591492172 4.08597258989 

2016-08-22 09:54:43 Round: 46
-2.5993251452 -2.04739406551 -1.69428029465 -1.45431533113 -1.2893136985 -1.07351291233 -0.86450260908 -0.843618331969 -0.677013162762 -0.645662392863 -0.470271469484 -0.314051089494 -0.220997993613 -0.194528154555 -0.0815617007793 -0.0381749897222 -0.0153246295613 -2.03663524588e-15 -1.74691760486e-15 -7.910379168e-16 0.0 5.16839175624e-16 5.32089097791e-16 6.51841908955e-16 9.39345685951e-16 9.61613554029e-16 1.22888784388e-15 1.80336386921e-15 0.0539995876094 0.16987686328 0.221992376919 0.284131070642 0.374283667034 0.407719804298 0.473393316938 0.487497333033 0.610769850258 0.652932430314 0.78906405275 1.0 1.0 1.0 1.0 1.0 1.0 1.0 1.0 1.0 1.0 1.0 1.0 1.0 1.0 1.0 1.0 1.0 1.0 1.0 1.0 1.0 1.0 1.0 1.0 1.0 1.21093605715 1.34707276557 1.51179183247 1.52162207093 1.53872041344 1.62348137191 1.6953085443 1.71479061986 1.77199548041 1.82998064143 1.94532449987 1.94931527651 2.0 2.03786601337 2.08156156926 2.19451370017 2.21855469054 2.31360179537 2.47025120307 2.64286263656 2.67427512588 2.84218780678 2.86440463357 3.07328081437 3.16464727254 3.45054067675 3.69426072666 4.0277605333 4.58727884609 

2016-08-22 11:54:57 Round: 47
-2.93106120972 -1.84108000738 -1.55343057698 -1.35902266712 -1.16956244448 -0.918444918244 -0.4207079994 -0.414213562373 -0.393368642077 -0.224744871392 -0.191956224482 -0.169463868859 -0.135398735457 -2.76366765426e-15 -1.24411591466e-15 -1.10120762225e-15 -9.77114898915e-16 -8.60881370629e-16 -7.29057472617e-16 -5.91252075703e-16 -2.0729208784e-16 -1.71465953575e-16 5.70027550166e-17 1.03364318113e-16 1.48388263793e-16 5.01109004301e-16 5.68049411201e-16 7.20677595575e-16 8.24356468202e-16 9.6513239527e-16 1.24136312753e-15 1.71038688403e-15 0.0123458031773 0.0397743332058 0.124109148356 0.131253573786 0.200295850693 0.231358118083 0.320440186179 0.384660743688 0.391274270166 0.506977188655 0.59216789811 0.686550315419 0.775134867173 1.0 1.0 1.0 1.0 1.0 1.0 1.0 1.0 1.0 1.0 1.0 1.0 1.0 1.0 1.0 1.0 1.0 1.0 1.0 1.0 1.0 1.0 1.22516882098 1.40591624267 1.49247061936 1.5 1.5920760447 1.61453669629 1.67075769993 1.74402691043 1.79824122317 1.84076561592 1.86910164978 1.95918948117 1.98763874629 2.13491411984 2.16907486834 2.19180472518 2.22474487139 2.3933343736 2.41421356237 2.42054429093 2.91843653515 3.08041198934 3.35900926706 3.55343053569 3.8389695848 4.9273349569 

2016-08-22 13:57:24 Round: 48
-2.86740995528 -2.26945446775 -1.60290106786 -1.27972168901 -0.931143369215 -0.820213721647 -0.788111608251 -0.646519625286 -0.553986342019 -0.397920610532 -0.276955840739 -0.236024745661 -0.025945799857 -2.23293296632e-16 -1.74936020531e-16 -8.32099374842e-17 -7.50890711278e-17 -5.20975475549e-17 1.38777878078e-17 3.0615736437e-17 4.01790994064e-17 6.42860468526e-17 2.11780562184e-16 2.56077781523e-16 0.0300313758931 0.120456701683 0.151785018643 0.236337739575 0.244473488964 0.275654950983 0.325995226383 0.352237242807 0.394375991003 0.421950008541 0.444239881596 0.484762585923 0.562245325836 0.599137163238 0.774476085594 1.0 1.0 1.0 1.0 1.0 1.0 1.0 1.0 1.0 1.0 1.0 1.0 1.0 1.0 1.0 1.0 1.0 1.0 1.0 1.0 1.0 1.0 1.0 1.0 1.0 1.0 1.22218801159 1.3950790365 1.44891141499 1.5146126627 1.53458817769 1.57914403777 1.60548679919 1.63810417922 1.66765363333 1.71914122686 1.76337308896 1.78285271857 1.84841097577 1.91461911656 1.97031921286 2.02499562331 2.25173768205 2.39039515247 2.49004608492 2.55354938979 2.64396807041 2.78685288739 2.81777303807 2.93096917526 3.12253068115 3.57297190476 4.26014367532 4.827732399 

2016-08-22 15:59:33 Round: 49
-2.24377349221 -1.84486802612 -1.52208320169 -1.32350013723 -1.20127195375 -0.841120424458 -0.661753829226 -0.499458758982 -0.411679093717 -0.339731077029 -0.215433815702 -0.114139191868 -0.0401458487371 -0.00149026109422 -3.76620567012e-16 -3.08981492286e-16 -2.44550228161e-16 -2.18779800723e-16 -1.8763116069e-16 -1.41016794597e-16 -1.29864558347e-16 -1.17366981774e-16 -5.3685897996e-17 -4.52635498779e-17 -2.68076048853e-18 4.47862538446e-17 6.46994665426e-17 8.64352491338e-17 1.09812213463e-16 1.34364180717e-16 2.11499151515e-16 2.37960657984e-16 3.06170933278e-16 0.0883498755479 0.105631601019 0.208029747705 0.226305525152 0.332259178852 0.362601709972 0.429699494382 0.459752940304 0.515058061648 0.536941814583 0.599427394349 0.66555584049 0.795381313486 0.933006170885 1.0 1.0 1.0 1.0 1.0 1.0 1.0 1.0 1.0 1.0 1.0 1.0 1.0 1.0 1.0 1.0 1.0 1.0 1.06699382912 1.20461868651 1.33444415951 1.40057260565 1.46305818542 1.48494193835 1.5402470597 1.57030050562 1.63739829003 1.66774082115 1.77369447485 1.7919702523 1.89436839898 1.91165012445 2.00149026109 2.04014584874 2.11413919187 2.2154338157 2.33973107703 2.41167909372 2.49945875898 2.66175382923 2.84112042446 3.20127195375 3.32350013723 3.52208320169 3.84486802612 4.24377349221 

2016-08-22 18:02:04 Round: 50
-2.63396316921 -1.94709244785 -1.54425334291 -1.38018236872 -1.0433239827 -0.786319320008 -0.582028046108 -0.452340135028 -0.394157212348 -0.272232782637 -0.232676541306 -0.218155195935 -0.0889046893326 -7.78717125521e-16 -5.40030150893e-16 -3.02971190717e-16 -3.00354664968e-16 -2.29301907715e-16 -1.73949197353e-16 -1.16060312727e-16 -7.91709352115e-17 -5.62295338028e-17 -3.16924999214e-17 -2.38661920596e-18 7.30771709201e-17 1.06687322423e-16 1.37589450098e-16 1.5195469747e-16 1.58854376268e-16 2.18739971848e-16 2.3477587872e-16 2.38554848084e-16 5.82979082659e-16 0.0222056224228 0.0646732773247 0.13258068135 0.215433610675 0.216684118834 0.262693774356 0.290104190818 0.342013210868 0.444710178373 0.590022755573 0.611510534211 0.734370330872 1.0 1.0 1.0 1.0 1.0 1.0 1.0 1.0 1.0 1.0 1.0 1.0 1.0 1.0 1.0 1.0 1.0 1.0 1.0 1.0 1.0 1.26562966913 1.38848946579 1.40997724443 1.55528982163 1.65798678913 1.70989580918 1.73730622564 1.78331588117 1.78456638933 1.86741931865 1.93532672268 1.97779437758 2.0 2.0 2.08890468933 2.21815519593 2.23267654131 2.27223278264 2.39415721235 2.45234013503 2.58202804611 2.78631932001 3.0433239827 3.38018236872 3.54425334291 3.94709244785 4.63396316921 

2016-08-22 20:03:26 Round: 51
-2.2472635351 -1.58667473813 -1.4340057138 -0.943251569051 -0.681879706952 -0.598945313662 -0.520315189591 -0.488527932803 -0.414213562373 -0.328954907317 -0.317325714062 -0.261583344611 -0.241639413413 -0.153908680867 -0.0217075632205 -4.31617876155e-16 -3.80914692531e-16 -3.03755075923e-16 -2.53289936111e-16 -2.05090342838e-16 -1.20452406125e-16 -4.65831968019e-17 -2.92649107513e-17 0.0 3.75382956102e-18 1.65253847726e-17 4.60040694759e-17 5.57288539154e-17 8.42668956329e-17 1.18433620743e-16 2.66781854672e-16 2.82539989218e-16 2.93806095789e-16 3.12495117885e-16 3.85497202869e-16 4.02076713873e-16 0.106825667444 0.212851125148 0.268100001081 0.318408284032 0.351738241101 0.391550276249 0.416974062256 0.606695160444 0.701067885382 0.909332466021 1.0 1.0 1.0 1.0 1.0 1.0 1.0 1.0 1.0 1.0 1.0 1.0 1.0 1.0 1.0 1.0 1.0 1.0 1.0 1.0 1.0 1.0 1.17612382695 1.35254329308 1.52898821929 1.55430878398 1.64492313297 1.650847699 1.73787661872 1.76095824267 1.81874385286 1.8912487387 2.00193569036 2.12530465878 2.16163660581 2.27664320713 2.32216968394 2.33922823621 2.41421356237 2.47524795238 2.57951429012 2.59701162262 2.66516141154 2.68722943446 3.43845851242 3.64558370564 4.1107527338 

2016-08-22 22:03:39 Round: 52
-2.51921689422 -1.84728492201 -1.58016036104 -1.31892284623 -1.21776273613 -1.19596665185 -0.726889203283 -0.701959292177 -0.515192915899 -0.33857211052 -0.334132521485 -0.116495596417 -0.0392017993369 -1.46045058597e-15 -1.35766255515e-15 -1.27815342844e-15 -1.13714247464e-15 -9.45406457902e-16 -9.1244870966e-16 -6.59736065146e-16 -3.11326478042e-16 -1.72421728889e-16 -1.45175627707e-16 5.41005480774e-17 1.0308506829e-16 7.62625775953e-16 1.62162918242e-15 0.0155634511445 0.0672732916259 0.107709316255 0.136410474786 0.175520701029 0.216980677582 0.330263713739 0.34298361643 0.3737608284 0.399265735631 0.49218851502 0.53114831264 0.636601472638 0.71450052273 1.0 1.0 1.0 1.0 1.0 1.0 1.0 1.0 1.0 1.0 1.0 1.0 1.0 1.0 1.0 1.0 1.0 1.0 1.0 1.0 1.0 1.0 1.0 1.0 1.0 1.27970194764 1.36231578307 1.49531077447 1.5098556998 1.60831862514 1.6264558882 1.64933871976 1.66897958296 1.79922013338 1.8224125549 1.86440927836 1.88339250902 1.92149732267 1.9835546056 2.03668141089 2.11303126443 2.29651126194 2.33805617361 2.52014729622 2.72330655271 2.73042874255 3.1957054682 3.21808157105 3.31897027934 3.58013169733 3.84729688421 4.51847519352 

2016-08-23 00:04:50 Round: 53
-2.38571341391 -1.93744562458 -1.71218974587 -1.37201152882 -1.10267451044 -1.00944980514 -0.839979776777 -0.619534771673 -0.524149684555 -0.468325078478 -0.36816705966 -0.295581535874 -0.172800190859 -0.151543701676 -0.0652909291132 -0.00439402189982 -6.52672181452e-16 -5.72883753357e-16 -1.64953647348e-16 -6.81859094596e-17 -6.36470458802e-17 -1.85875072295e-17 4.36754550165e-17 5.71980353614e-17 7.77892750316e-17 1.02712510079e-16 1.26945470046e-16 2.08617202179e-16 2.42955604968e-16 3.96254391848e-16 5.09612269196e-16 0.0882537600342 0.142168212798 0.150337981643 0.226349493818 0.353763623584 0.363899056178 0.403346300779 0.433908384846 0.467618339324 0.619100068138 0.639050718853 0.76471501307 1.0 1.0 1.0 1.0 1.0 1.0 1.0 1.0 1.0 1.0 1.0 1.0 1.0 1.0 1.0 1.0 1.0 1.0 1.0 1.0 1.0 1.0 1.23528498693 1.36094928115 1.38089993186 1.53238166068 1.56609161515 1.59665369922 1.63610094382 1.64623637642 1.77365050618 1.84966201836 1.8578317872 1.91174623997 2.0043940219 2.06529092911 2.15154370168 2.17280019086 2.29558153587 2.36816705966 2.46832507848 2.52414968456 2.61953477167 2.83997977678 3.00944980514 3.10267451044 3.37201152882 3.71218974587 3.93744562458 4.38571341391 

2016-08-23 02:06:13 Round: 54
-2.53161354448 -2.05272609434 -1.61134484222 -1.17886540767 -0.99359712106 -0.890235173049 -0.715103050852 -0.631741963343 -0.423089698423 -0.342682306984 -0.261192656447 -0.242481303543 -0.066792874956 -4.51585285615e-16 -3.78157740406e-16 -3.22494932636e-16 -2.99125520972e-16 -2.20958246794e-16 -2.02807922925e-16 -1.16200419846e-16 -1.05752198443e-16 -9.72992526616e-17 -4.11454260304e-17 -2.69242795467e-17 0.0 3.46020453832e-17 5.00441942802e-17 6.07182873707e-17 7.99794698854e-17 1.55960295388e-16 1.9006691551e-16 2.2881459943e-16 2.91795283651e-16 4.20956141044e-16 0.117826601683 0.199202341331 0.227155977522 0.333028055249 0.38174465872 0.458566547471 0.488116090609 0.520740786153 0.59871692026 0.643904850559 0.761733264894 1.0 1.0 1.0 1.0 1.0 1.0 1.0 1.0 1.0 1.0 1.0 1.0 1.0 1.0 1.0 1.0 1.0 1.0 1.0 1.0 1.23826673511 1.35609514944 1.40128307974 1.47925921385 1.51188390939 1.54143345253 1.61825534128 1.66697194475 1.77284402248 1.80079765867 1.88217339832 2.0 2.0 2.0 2.0 2.06679287496 2.24248130354 2.26119265645 2.34268230698 2.42308969842 2.63174196334 2.71510305085 2.89023517305 2.99359712106 3.17886540767 3.61134484222 4.05272609434 4.53161354448 

2016-08-23 04:08:55 Round: 55
-2.10250371895 -1.8165367361 -1.49931332053 -1.07102365968 -0.973710667204 -0.963674645981 -0.696145246202 -0.62384642189 -0.572200561648 -0.357677724344 -0.315754198522 -0.256494200635 -0.0579894739713 -0.0324788275358 -0.00452522160568 -2.18011341597e-16 -1.96275809788e-16 -1.63708030331e-16 -1.59019392133e-16 -1.3502967354e-16 -9.04821387451e-17 -6.80457589243e-17 -4.02083283455e-17 -1.27385549635e-17 1.09023339683e-17 7.38838569208e-17 9.9494923086e-17 1.30745264326e-16 1.45202107977e-16 1.78993451996e-16 1.91524472485e-16 2.50692133216e-16 3.73877762873e-16 5.33453744877e-16 0.0753844442327 0.17556899492 0.204804970547 0.257251864346 0.286717951868 0.39856441967 0.403799835592 0.488496680109 0.513052619473 0.587424870147 0.598170252937 0.785684211629 1.0 1.0 1.0 1.0 1.0 1.0 1.0 1.0 1.0 1.0 1.0 1.0 1.0 1.0 1.0 1.0 1.0 1.0 1.0 1.0 1.21444030191 1.40139015066 1.40860733237 1.48703156479 1.52061529884 1.59545933665 1.60132057986 1.70357500548 1.74192586511 1.79750245696 1.82931964285 1.92540809669 1.99819472644 2.03254387672 2.06423664089 2.25005051239 2.31705939317 2.36267344781 2.56831466785 2.62794598525 2.6960254766 2.96355271065 2.97319480786 3.06949885685 3.49976715797 3.8170885164 4.10221110028 

2016-08-23 06:11:31 Round: 56
-2.52001529336 -1.64787483421 -1.54107192122 -1.42894525657 -1.00771078373 -0.743188832722 -0.636018699861 -0.556703770823 -0.375157811296 -0.183935975229 -0.152377391018 -0.144136386348 -3.15703941404e-16 -3.13766992226e-16 -2.80642366098e-16 -2.08279268758e-16 -1.75054405435e-16 -1.44573551916e-16 -9.63564742323e-17 -6.8373531738e-17 -2.97245902194e-17 -1.6464052283e-18 1.7279000344e-17 8.4622968549e-17 1.04834480759e-16 1.31020692667e-16 1.33985300197e-16 1.87855664738e-16 2.1802796599e-16 2.25085844245e-16 4.84489313388e-16 0.040590386201 0.114144645498 0.133300451958 0.175540086081 0.217098682724 0.274140960935 0.310475669998 0.332543021567 0.369535258808 0.459654311309 0.496382271789 0.545400812448 0.635232353459 0.685340172843 0.788730251273 0.862734039419 1.0 1.0 1.0 1.0 1.0 1.0 1.0 1.0 1.0 1.0 1.0 1.0 1.0 1.0 1.0 1.0 1.13726596058 1.21126974873 1.31465982716 1.36476764654 1.45459918755 1.50361772821 1.54034568869 1.63046474119 1.66745697843 1.68952433 1.72585903906 1.78290131728 1.82445991392 1.86669954804 1.8858553545 1.9594096138 2.0 2.0 2.14413638635 2.15237739102 2.18393597523 2.3751578113 2.55670377082 2.63601869986 2.74318883272 3.00771078373 3.42894525657 3.54107192122 3.64787483421 4.52001529336 

2016-08-23 08:11:53 Round: 57
-2.61386564024 -1.87267637484 -1.57393060125 -1.39761891337 -0.839324974977 -0.794319622955 -0.705699784788 -0.472554736619 -0.409803420492 -0.268213182717 -0.204959120177 -0.163971155705 -0.134101231591 -0.0932009006761 -0.0547105828014 -1.99926880606e-16 -1.63235306483e-16 -8.91194060635e-17 -7.58930604286e-17 -2.45357462693e-17 5.13911829758e-17 5.83181803768e-17 8.40917749792e-17 1.30381431656e-16 1.74071901873e-16 2.18413499509e-16 3.07941420605e-16 0.0122144740548 0.0916617683043 0.14087833454 0.175529636929 0.217990454384 0.275550741221 0.329108700675 0.387208693818 0.462206314193 0.526467320681 0.55147765449 0.68265508617 1.0 1.0 1.0 1.0 1.0 1.0 1.0 1.0 1.0 1.0 1.0 1.0 1.0 1.0 1.0 1.0 1.0 1.0 1.0 1.0 1.0 1.0 1.0 1.0 1.0 1.0 1.0 1.30144504479 1.45432538969 1.48455805769 1.56679484351 1.61073846201 1.66816412958 1.75775274781 1.79438201512 1.83309784006 1.86742476425 1.98715880351 2.04996283177 2.05730070088 2.09686304038 2.1402830197 2.17140849968 2.20508776936 2.26831412039 2.40571686211 2.4723241281 2.53357155888 2.72893351866 2.83801979363 3.39844236104 3.56776732923 3.87256519371 4.61359823817 

2016-08-23 10:12:06 Round: 58
-2.45072212999 -2.13505018496 -1.60077227219 -1.53233759734 -0.906484531403 -0.660401650447 -0.625828112644 -0.588274314523 -0.544200388389 -0.330428310218 -0.287112137132 -0.230059689774 -0.125874711168 -0.00277054733804 -1.47753760244e-15 -1.0087622036e-15 -9.39843753733e-16 -8.37715669053e-16 -6.94049903267e-16 -4.46971494103e-16 2.22224463487e-16 2.98358017965e-16 3.31610804299e-16 4.13871369253e-16 4.99785097248e-16 7.48131263539e-16 7.54195265608e-16 1.04800114074e-15 1.25930083309e-15 1.75011034478e-15 0.0321880035693 0.0754009609956 0.157229921796 0.164885000991 0.194807192463 0.31192315162 0.382393017427 0.397376198186 0.507054660081 0.613055067135 0.690242668767 0.75324469281 0.842795812206 1.0 1.0 1.0 1.0 1.0 1.0 1.0 1.0 1.0 1.0 1.0 1.0 1.0 1.0 1.0 1.0 1.0 1.0 1.0 1.0 1.0 1.0 1.0 1.15722533722 1.24686874854 1.30977415367 1.38694020638 1.49295755078 1.59672865256 1.6153248356 1.68865315021 1.78554560344 1.83077973685 1.84131339392 1.92192106208 1.97506154832 2.00277054703 2.12581088915 2.2292624374 2.29069116419 2.34006521387 2.55319751043 2.58843093019 2.63418923847 2.6603345507 2.903515133 3.53070073015 3.59953957413 4.17481771848 4.41530061273 

2016-08-23 12:14:07 Round: 59
-2.20834803835 -1.83448582789 -1.53348663263 -1.50897521002 -0.932406149696 -0.817077090816 -0.786592499869 -0.622737943796 -0.49849609068 -0.393683586798 -0.279192246178 -0.271468535167 -0.208063763005 -0.172188824556 -0.0861188977397 -0.0350732356321 -1.71370729663e-15 -1.11409389188e-15 -7.35531629036e-16 -5.97795621839e-16 -2.5126040119e-16 1.69966810969e-16 2.30662176562e-16 3.36062508009e-16 3.69798191698e-16 5.4305253935e-16 5.52387312889e-16 6.42820955333e-16 7.89614925222e-16 8.37373863178e-16 2.38442698576e-15 0.0700344879632 0.144843204474 0.234550285526 0.270232426834 0.283832556242 0.292684953413 0.369546644754 0.394479906573 0.484391506489 0.494152533232 0.543290881528 0.582411895267 0.643970032321 0.875585166365 1.0 1.0 1.0 1.0 1.0 1.0 1.0 1.0 1.0 1.0 1.0 1.0 1.0 1.0 1.0 1.0 1.0 1.0 1.1245162682 1.35840310634 1.41761298017 1.45699116829 1.51050825762 1.51745259734 1.62170020095 1.63663447043 1.72020360651 1.73140734202 1.77605260795 1.81329056864 1.8838764803 2.0 2.02470554081 2.1080155981 2.12165297989 2.2075496554 2.27034248559 2.28193730072 2.38660534184 2.49818066393 2.61568589963 2.74154474799 2.8133615828 2.9293440905 3.49864424029 3.50360759205 3.79281083181 4.14174988573 

2016-08-23 14:17:05 Round: 60
-2.6447552517 -1.80553831726 -1.57037704396 -1.35539728085 -0.971403731437 -0.761487472633 -0.692692706051 -0.454228852697 -0.355231054257 -0.316051862043 -0.226651931576 -0.129180095997 -0.100582926517 -0.0259975080165 -0.011873389105 -1.64478401022e-15 -1.19466291779e-15 -1.01094818526e-15 -9.24435396792e-16 -8.23967501235e-16 -7.62415436113e-16 -6.07495790234e-16 -3.42194201488e-16 -1.43006912759e-16 -1.09842544227e-16 -8.29930932808e-17 -6.03159975509e-17 -3.70372756558e-17 5.2809411896e-17 3.50010391635e-16 3.74218156211e-16 4.06369543402e-16 1.24635357613e-15 1.47679442741e-15 1.53440104737e-15 0.104841082601 0.16681383971 0.247431446917 0.288475766563 0.331412592682 0.449955485213 0.4679746109 0.519578114127 0.788513750156 1.0 1.0 1.0 1.0 1.0 1.0 1.0 1.0 1.0 1.0 1.0 1.0 1.0 1.0 1.0 1.0 1.0 1.0 1.0 1.0 1.0 1.0 1.0 1.21148816776 1.482412812 1.53207298831 1.55017206205 1.67034497409 1.71363023089 1.75328396323 1.86418232346 1.99125457997 2.0 2.0 2.00929844043 2.03038079474 2.12380609638 2.13656911783 2.22688467134 2.31564186995 2.35122990629 2.45702336498 2.69714964214 2.75590231894 2.81329387067 3.35513101886 3.57005918434 3.80693867898 4.63830165762 

2016-08-23 16:17:34 Round: 61
-2.41901164077 -1.74453503929 -1.3396017063 -0.978430402848 -0.962365473213 -0.802786994418 -0.707605344259 -0.642273688163 -0.524217592936 -0.502142170807 -0.195029667648 -0.0650973032601 -3.00936641321e-16 -2.01312064658e-16 -1.80197368117e-16 -1.61374776959e-16 -1.11776408207e-16 -7.5872399886e-17 -5.00674106147e-17 -3.01128644424e-17 -2.69153189319e-17 0.0 6.1116981319e-18 2.21368089661e-17 4.42652817084e-17 5.73651952738e-17 6.14795509689e-17 9.5050017515e-17 1.72069304858e-16 1.86653707261e-16 2.93630214137e-16 0.0630714376075 0.112168832089 0.139190315413 0.159895620788 0.18281682888 0.270393190624 0.355994279447 0.403405638847 0.427865531812 0.535002669929 0.544950359503 0.580088229732 0.601006134067 0.74776492512 0.861085797403 1.0 1.0 1.0 1.0 1.0 1.0 1.0 1.0 1.0 1.0 1.0 1.0 1.0 1.0 1.0 1.0 1.0 1.0 1.0 1.0 1.1805362367 1.23657637477 1.41267616619 1.44445292428 1.45541254875 1.48527683071 1.58209323374 1.59696155194 1.66345714748 1.75386302857 1.7917049791 1.82811682883 1.83857663655 1.88717631188 1.91941149268 2.06694032598 2.18527570062 2.49184545614 2.57063826168 2.63430536417 2.68673647973 2.77292573324 2.96054817068 2.98316685105 3.31438984382 3.7426572828 4.41267547058 

2016-08-23 18:19:08 Round: 62
-2.15513063429 -1.60337284534 -1.49349805027 -1.21738433996 -1.0044952423 -0.822264057243 -0.552954981044 -0.418266041504 -0.392630296695 -0.212261888822 -0.127048303145 -0.0809334922166 -0.0247386226628 -5.38371782164e-16 -3.65240372172e-16 -3.48443972601e-16 -3.02387926833e-16 -1.92116655211e-16 -1.22275196833e-16 -7.64946801394e-17 -5.39120851292e-17 -3.40651041315e-33 8.99676187758e-33 6.24268890504e-18 2.88631888273e-17 5.40994529009e-17 7.75973804272e-17 1.31096135669e-16 1.55213191325e-16 1.95996658671e-16 2.40759448332e-16 2.73567669166e-16 3.81320867503e-16 0.0179330488588 0.0685395730783 0.12689871819 0.182725101621 0.202170113305 0.246534556849 0.271898581443 0.290526177386 0.424438539975 0.477216970952 0.579059774171 0.593327253729 0.63972497588 0.645987330119 0.700367698827 0.800035836312 0.860081680376 1.0 1.0 1.0 1.0 1.0 1.0 1.0 1.0 1.0 1.0 1.0 1.0 1.0556780511 1.15446355026 1.22876308344 1.33415119281 1.38879058361 1.42267614852 1.50375973774 1.56862299876 1.63459163624 1.70582701686 1.76271101778 1.8079485172 1.81834285306 1.87191522277 1.93188049556 1.95775028856 1.96885867705 2.0 2.04059027175 2.0457598769 2.14728017801 2.23513471399 2.34180788669 2.51017502629 2.75337804773 2.78307769531 2.87753873831 3.00264016022 3.38538970387 3.60656913316 4.13144036091 

2016-08-23 20:19:50 Round: 63
-2.49182893175 -1.72425501535 -1.64884289614 -1.34658701662 -0.993035290314 -0.795501294168 -0.626410756255 -0.52149138489 -0.401373833744 -0.283897788763 -0.245473782836 -0.229543919178 -0.213630755101 -0.0901390738588 -0.0395740536529 -3.23615240487e-16 -2.61058552925e-16 -1.61277244739e-16 -1.29855740372e-16 -8.88420331899e-17 -5.19496802067e-17 -1.55425977873e-17 2.98866166736e-17 5.89246743468e-17 9.39820438034e-17 1.09157970863e-16 1.11491114988e-16 1.12923423157e-16 1.62799597743e-16 2.5328548676e-16 2.61395935402e-16 0.0456421171437 0.0680943469239 0.171837484026 0.283604172068 0.30029412957 0.360432800585 0.424327612624 0.487108004436 0.515840864337 0.526040854836 0.746418485913 0.788918236011 1.0 1.0 1.0 1.0 1.0 1.0 1.0 1.0 1.0 1.0 1.0 1.0 1.0 1.0 1.0 1.0 1.0 1.0 1.0 1.0 1.0 1.0 1.0 1.21108176399 1.25358151409 1.47395914516 1.48415913566 1.51289199556 1.57567238738 1.63956719941 1.69970587043 1.71639582793 1.82816251597 1.93190565308 1.95435788286 2.03957405365 2.09013907386 2.2136307551 2.22954391918 2.24547378284 2.28389778876 2.40137383374 2.52149138489 2.62641075625 2.79550129417 2.99303529031 3.34658701662 3.64884289614 3.72425501535 4.49182893175 

2016-08-23 22:21:16 Round: 64
-2.52113497461 -2.01487057409 -1.69150402509 -1.43525881106 -1.3669168397 -0.912547742133 -0.835309411415 -0.740781571189 -0.609802575182 -0.446023607624 -0.357137006179 -0.239518817815 -0.0807368942733 -0.0543253776917 -3.0788837464e-16 -2.58970874598e-16 -2.46598404123e-16 -1.84683623177e-16 -1.24608513252e-16 -7.12320827323e-17 -3.42970272789e-17 -9.51171109611e-18 2.97209546698e-17 7.56438222519e-17 1.26940576146e-16 1.65286621195e-16 1.8815220052e-16 2.69411993899e-16 2.81799063359e-16 3.3307190473e-16 3.85164860374e-16 0.0335070059259 0.0356312533962 0.0875856483852 0.157689828565 0.206351109826 0.289985557751 0.420757685928 0.48676005583 0.550031286277 0.602836194311 0.701420770089 1.0 1.0 1.0 1.0 1.0 1.0 1.0 1.0 1.0 1.0 1.0 1.0 1.0 1.0 1.0 1.0 1.0 1.0 1.0 1.0 1.0 1.0 1.0 1.0 1.0 1.29857922991 1.39716380569 1.44996871372 1.51323994417 1.57924231407 1.71001444225 1.79364889017 1.84231017143 1.91241435161 1.9643687466 1.96649299407 2.0 2.05432537769 2.08073689427 2.23951881782 2.35713700618 2.44602360762 2.60980257518 2.74078157119 2.83530941141 2.91254774213 3.3669168397 3.43525881106 3.69150402509 4.01487057409 4.52113497461 

2016-08-24 00:25:54 Round: 65
-2.51718079446 -2.08207191501 -1.86786684491 -1.61300469977 -1.29280377912 -0.807477115626 -0.581784655908 -0.493545927294 -0.360876050325 -0.172290539286 -0.164684332079 -0.0937688535366 -0.0399645756353 -4.52623053897e-16 -1.51463962349e-16 -1.42197754739e-16 -8.83486557178e-17 -7.53979705517e-17 -1.95670596772e-17 -1.06376729947e-17 2.99401533152e-17 3.52602309007e-17 5.40450868929e-17 6.15176986815e-17 9.15049271131e-17 1.05775718776e-16 1.16158624276e-16 1.23878100528e-16 1.36483924105e-16 1.50201818667e-16 2.08982902064e-16 2.32587596725e-16 3.33277807734e-16 4.38012738264e-16 0.0738140992553 0.105015473739 0.164546143419 0.218760810952 0.311823270874 0.365281292009 0.398458163585 0.483186107855 0.640370152622 0.670295445445 1.0 1.0 1.0 1.0 1.0 1.0 1.0 1.0 1.0 1.0 1.0 1.0 1.0 1.0 1.0 1.0 1.0 1.0 1.0 1.0 1.0 1.0 1.0 1.0 1.0 1.32970455455 1.35962984738 1.51681389214 1.60154183641 1.63471870799 1.68817672913 1.78123918905 1.83545385658 1.89498452626 1.92618590074 2.0 2.03996457564 2.09376885354 2.16468433208 2.17229053929 2.36087605032 2.49354592729 2.58178465591 2.80747711563 3.29280377912 3.61300469977 3.86786684491 4.08207191501 4.51718079446 

2016-08-24 02:26:45 Round: 66
-2.49361567204 -1.82808381937 -1.55935607542 -1.18475189075 -1.12024315808 -0.758035138709 -0.548770225685 -0.504775566939 -0.295410131542 -0.253786187468 -0.20157301138 -0.081660098535 -0.0423766615938 -5.33904700559e-16 -4.20200365354e-16 -4.12587445324e-16 -3.56579084546e-16 -2.73072014066e-16 -2.36208320514e-16 -1.75961809785e-16 -1.43249450636e-16 -1.30469659759e-16 -7.36304598581e-17 -5.07594274602e-17 2.20380036916e-35 8.96791129163e-33 1.63475022982e-32 1.78174873029e-18 2.77377878472e-17 6.45161878468e-17 1.12032808253e-16 1.3442389375e-16 1.43883894929e-16 2.76734847517e-16 4.48381412002e-16 0.0171885952781 0.0226120833634 0.0784026788406 0.150195268326 0.187661834605 0.286363927135 0.339030720195 0.425483165829 0.447395294483 0.495047558105 0.550085858249 0.689908922878 0.734681064559 1.0 1.0 1.0 1.0 1.0 1.0 1.0 1.0 1.0 1.0 1.0 1.0 1.0 1.0 1.0 1.10338947096 1.23738420014 1.29374158045 1.40744283687 1.4382241665 1.55282233879 1.58060814763 1.64302803858 1.68586909422 1.79582749649 1.84822120832 1.91903486939 1.98082220641 1.98547931457 2.0 2.0 2.0 2.05138792762 2.10137950155 2.22442507898 2.25935091617 2.34655067853 2.52999627964 2.56615594115 2.76607601763 3.12468289961 3.20020332208 3.5707034778 3.96663733396 4.26893632162 

2016-08-24 04:31:19 Round: 67
-2.45177269259 -1.92673448965 -1.77879916798 -1.65512247658 -1.03322020613 -0.812301069918 -0.721862374926 -0.62368133035 -0.468096417574 -0.320525839808 -0.300821693092 -0.224434530872 -0.140326478832 -0.0579043742898 -6.03666556227e-16 -2.76184564787e-16 -1.40438936589e-16 -5.02780038149e-17 -2.33840116738e-17 4.75282977491e-19 2.37391908707e-17 5.2602937655e-17 8.26938337523e-17 1.30516042114e-16 1.5937028333e-16 2.50052098794e-16 4.09123624105e-16 8.07156495269e-16 0.0360809192765 0.0480824252512 0.141997417919 0.226524553181 0.297012528305 0.369649347384 0.410506178175 0.423016031201 0.493213982815 0.556302634353 0.564893251108 0.676791014004 0.765974226998 1.0 1.0 1.0 1.0 1.0 1.0 1.0 1.0 1.0 1.0 1.0 1.0 1.0 1.0 1.0 1.0 1.0 1.0 1.0 1.0 1.0 1.0 1.0 1.0 1.0 1.22467815243 1.35457280068 1.43134082659 1.48954023284 1.5461204016 1.58968780572 1.62610351562 1.65251596567 1.67138010233 1.78189592635 1.86727999712 1.9218113329 1.96810882583 2.0690484695 2.07803528761 2.1676178119 2.22538160942 2.31958460655 2.60096387195 2.65312237118 2.71894888902 2.76090066555 3.03939592578 3.65884216251 3.79939129599 3.86871786022 4.42057191977 

2016-08-24 06:32:43 Round: 68
-2.1570355463 -1.98168373052 -1.81534926803 -1.04589125711 -0.926708382192 -0.717382446482 -0.666418680138 -0.468239501294 -0.414213562373 -0.222492132757 -0.17304630113 -0.14750655482 -0.0334140069092 -2.95966001187e-16 -1.89157970795e-16 -1.66475053896e-16 -1.6393448578e-16 -1.46935812394e-16 -1.29927862069e-16 -1.11797457759e-16 -1.03631040937e-16 -6.76118932472e-17 -5.24611805064e-17 -2.21080035216e-17 -9.85104723744e-19 0.0 6.10889056097e-17 7.9445366906e-17 9.25388821443e-17 9.68465270786e-17 1.16428771531e-16 1.47786337089e-16 1.51651428669e-16 1.70983587376e-16 1.72057114951e-16 2.58955057183e-16 0.066961609727 0.0914117056222 0.150994044226 0.176788926199 0.211330239777 0.250237079952 0.280844169178 0.465146719928 0.513577207676 0.665257669695 0.709843601836 1.0 1.0 1.0 1.0 1.0 1.0 1.0 1.0 1.0 1.0 1.0 1.0 1.0 1.0 1.0 1.0 1.0 1.0 1.0 1.0 1.0 1.29018845493 1.33465113983 1.48655723637 1.53515475918 1.71895944493 1.74933895927 1.78856855042 1.819956673 1.85086187663 1.90969573273 1.93302990336 2.0 2.03325124473 2.14775099747 2.17176900093 2.2265446561 2.41421356237 2.46753982417 2.66755367759 2.71575244204 2.92670923721 3.04577513595 3.78825852597 4.03927275521 4.12563460585 

2016-08-24 08:33:02 Round: 69
-2.08770121019 -1.74070740164 -1.34853446824 -1.2429550803 -0.877907773723 -0.741462737878 -0.500303670849 -0.474662209213 -0.407028061217 -0.360353311832 -0.251413060903 -0.192205207751 -0.125030598208 -0.0682030891822 -4.27771969566e-16 -2.59343945438e-16 -2.31799212006e-16 -2.02180697844e-16 -1.71889048412e-16 -1.64818555034e-16 -8.68086444326e-17 -8.18727535119e-17 -5.08317355677e-17 -2.96131331758e-17 -5.68645133918e-18 -3.81777933837e-33 -5.27228301056e-34 6.7098439589e-50 1.22390576869e-41 4.82662940494e-33 4.45777882095e-25 8.34168526864e-18 6.11347184018e-17 9.3391451293e-17 1.12540373956e-16 1.39165194106e-16 1.49224467724e-16 1.76562571257e-16 2.07650008622e-16 3.10609557806e-16 6.87395605394e-16 0.0610085568691 0.1444887796 0.170857157977 0.274136803918 0.337741177398 0.354343215905 0.470521560203 0.478932969738 0.590475379084 0.721688781 0.746606703532 1.0 1.0 1.0 1.0 1.0 1.0 1.0 1.0 1.0 1.0 1.0 1.0 1.0 1.0 1.0 1.20188334109 1.26621567569 1.41792744334 1.56716215841 1.57966922004 1.67790244812 1.72465422869 1.78714010386 1.81875955392 1.8382688877 1.9389069831 2.0 2.0662346426 2.11514554481 2.20247646142 2.251839224 2.34949647887 2.40830249475 2.47275146723 2.50790426974 2.62034487528 2.85950533452 3.24142257924 3.3375239486 3.73698388603 4.07924554484 

2016-08-24 10:33:55 Round: 70
-1.90987689061 -1.41650512088 -1.3077492693 -1.12237431864 -1.01657346637 -0.784073562109 -0.688814930602 -0.58679857467 -0.455130684965 -0.372507077168 -0.29521186871 -0.137525570056 -0.100072314126 -0.0182247144981 -3.73953078127e-16 -3.11887222026e-16 -2.42057957671e-16 -1.6933650139e-16 -1.66488682734e-16 -9.960365541e-17 -8.61768451892e-17 -4.09422829013e-17 -3.97970695405e-17 -3.67495076358e-17 -5.28847933276e-18 4.08745648446e-17 5.27901843611e-17 7.48651999842e-17 1.03192005609e-16 1.71562436251e-16 2.02372879724e-16 2.15469413515e-16 0.0971304735032 0.181423349902 0.21113560955 0.272536072365 0.348433596934 0.373281879426 0.448823727098 0.487251988441 0.537775065936 0.561341237882 0.588890920931 0.702691538299 0.795670425012 1.0 1.0 1.0 1.0 1.0 1.0 1.0 1.0 1.0 1.0 1.0 1.0 1.0 1.0 1.0 1.0 1.0 1.0 1.0 1.0 1.0 1.21143364428 1.30917073879 1.3482083272 1.46237597297 1.48156442354 1.50626262544 1.62686578482 1.67393308868 1.71283481896 1.79244236124 1.81491774673 1.86502667427 1.92203543969 1.97692053759 2.03870549521 2.2168664425 2.30122855143 2.32064447416 2.44831506208 2.53921436372 2.67129432139 2.79286666669 2.98408421185 3.02919452616 3.26761931633 3.41938274881 3.87164411289 

2016-08-24 12:34:39 Round: 71
-1.79380283476 -1.68560757733 -1.40390606808 -1.11928077365 -1.07785743071 -0.812546874927 -0.770784278904 -0.652168401332 -0.578290632216 -0.414213562373 -0.365958994756 -0.206881044864 -0.168293661598 -0.0966054353734 -0.00577435477691 -4.01073488657e-16 -2.79275925033e-16 -2.38566587767e-16 -1.92856730953e-16 -1.68018119675e-16 -1.25077356841e-16 -1.16434813251e-16 -8.15688905658e-17 -5.85048581189e-17 -4.06530073658e-17 -3.03523341375e-17 -1.20114833953e-32 8.43637206237e-18 1.16970976811e-17 2.37331968546e-17 6.46624426041e-17 8.66578060294e-17 1.5212663963e-16 1.93270230919e-16 2.10091162437e-16 3.20519515856e-16 0.061966691159 0.135547108187 0.233621576262 0.332573076392 0.390023623539 0.445435813529 0.478529766251 0.531866403539 0.539411998496 0.604548683704 0.698154305488 1.0 1.0 1.0 1.0 1.0 1.0 1.0 1.0 1.0 1.0 1.0 1.0 1.0 1.0 1.0 1.0 1.0 1.0 1.24124132759 1.26712082449 1.30687651136 1.38455482578 1.48715051714 1.53102880881 1.54361308065 1.67351991457 1.73440870687 1.80288998968 1.92271521473 2.0 2.03911619769 2.04506278674 2.11832074004 2.1611369972 2.33275066971 2.3853679781 2.41421356237 2.49910165659 2.55385045148 2.65799233198 2.77497401585 3.0431582072 3.07621585346 3.33977527411 3.60618727979 3.75794915513 

2016-08-24 14:35:00 Round: 72
-1.89878699413 -1.60419229881 -1.14521327916 -1.09281441676 -0.837317803525 -0.772356659026 -0.643276972656 -0.564813236449 -0.473738561118 -0.33108250224 -0.269252964371 -0.245184209748 -0.161639231106 -0.0562775557162 -0.0286823348242 -2.44040142214e-16 -1.42530788749e-16 -1.27375633048e-16 -1.210778942e-16 -9.74501057321e-17 -8.89993254192e-17 -1.70560689774e-17 -7.06162801101e-34 4.62931200178e-50 5.31521793323e-35 2.1175364198e-18 1.64764002378e-17 5.93690210905e-17 9.10613969516e-17 1.47568649254e-16 1.76563085888e-16 2.36474928267e-16 2.94112353893e-16 3.4388949529e-16 4.93537800823e-16 0.0554940767193 0.0722683804248 0.209532489872 0.236093331757 0.275332006435 0.354755929741 0.409440676118 0.418450834117 0.466559236891 0.548374454421 0.58855625008 0.638508339494 0.716525664245 0.732439013426 0.778886500314 0.840010706501 0.913233339882 1.0 1.0 1.0 1.0 1.0 1.0 1.0 1.0 1.0 1.03017843616 1.14388106139 1.19045984627 1.24762004016 1.28367606709 1.38869509931 1.44946095749 1.49919703319 1.50829744387 1.56401486166 1.60524002011 1.61776427471 1.72455742234 1.74416200296 1.82002300419 1.93281529586 1.96529179117 1.97962997534 2.0564358268 2.21991309481 2.27081839629 2.27445220189 2.36692056903 2.41611890847 2.57184490044 2.6766375168 2.80317653492 2.86500067527 2.99091297626 3.16800965731 3.64802546832 3.84693642934 

2016-08-24 16:35:50 Round: 73
-1.74969705121 -1.47142191119 -1.38214629695 -1.07130363041 -0.658219048411 -0.506913518385 -0.451211082002 -0.428351063407 -0.208205824599 -0.150403770756 -0.108973909583 -0.0734696882512 -3.82330342909e-16 -3.26595175678e-16 -2.67382063998e-16 -1.95706690432e-16 -1.87599923174e-16 -1.43624049533e-16 -1.33719768503e-16 -7.18216832185e-17 -4.85246716534e-17 -2.60696519423e-17 -2.61755167466e-33 -4.72208652498e-34 -3.45596437886e-51 0.0 0.0 0.0 3.44453729888e-33 1.10991459431e-32 9.77601704923e-18 3.46201256628e-17 5.45706742288e-17 7.21967928909e-17 8.81624341894e-17 1.64757500547e-16 2.21947132041e-16 2.98853384539e-16 0.101342245833 0.129186531422 0.231578010782 0.242682204112 0.299840168878 0.3452574016 0.394143076213 0.440036236417 0.497204970498 0.521790235364 0.570201609207 0.602446995345 0.671819723394 0.697691689697 0.763409367843 0.84418942078 1.0 1.0 1.0 1.0 1.0 1.0 1.0 1.0 1.0 1.0 1.18873349904 1.24800223545 1.30111965763 1.34876953026 1.39909436035 1.44349302739 1.48746972679 1.52403193661 1.54053215032 1.5915246393 1.65756514829 1.7605932671 1.79542888912 1.80832566618 1.94118273578 2.0 2.05750170193 2.10069818549 2.16179746165 2.21802164737 2.29526936024 2.31020861232 2.39941095718 2.50459697642 2.6619633561 2.9500354082 3.1040907435 3.38256844122 3.72546758654 

2016-08-24 18:38:15 Round: 74
-1.8534489413 -1.63953163245 -1.33506818321 -0.936147149522 -0.692529153096 -0.578362046468 -0.373926680354 -0.334852947481 -0.234415203888 -0.182430952841 -0.113438560434 -0.0643133158054 -0.0401618820366 -3.11333798095e-16 -2.56239509794e-16 -2.32263966513e-16 -1.79001047368e-16 -1.39399321568e-16 -1.01526013386e-16 -7.55604690367e-17 -6.9896024048e-17 -4.17843628868e-17 -2.7882515673e-17 -1.04651598775e-17 -2.60236539062e-49 -7.51419722935e-66 4.02290694002e-66 2.06752662647e-48 4.3027842486e-33 9.40658318708e-33 1.95832883475e-17 2.89961187429e-17 6.72645821076e-17 1.14204675603e-16 1.23514331616e-16 1.89568853278e-16 2.46818901163e-16 3.33217120309e-16 0.0187894298518 0.110649571805 0.1174805773 0.128073099018 0.202430992998 0.234134724171 0.286348582436 0.345238264185 0.445070462274 0.544217552768 0.610930179875 0.647160846832 0.668198812534 0.704732546034 0.739159529526 0.789900631408 0.937607743341 1.0 1.0 1.0 1.0 1.0 1.0 1.0 1.0 1.07566214651 1.19083421683 1.24234755008 1.30851856098 1.34995000125 1.36893171296 1.41810130484 1.53189363257 1.60316777223 1.62700766716 1.68392053659 1.72389251202 1.74474671839 1.80953181532 1.86729846426 1.90865348945 1.96391713444 2.03411319825 2.09656612311 2.21676016659 2.24268338913 2.27118476195 2.35689325847 2.41846238361 2.55536608582 2.67959433453 2.94538319132 3.34077278154 3.48799375912 3.78435443321 

2016-08-24 20:40:01 Round: 75
-1.99184257749 -1.55622021904 -1.15345050558 -0.937319440317 -0.859585865886 -0.773467673274 -0.657611373179 -0.49139451632 -0.411843287134 -0.265508853005 -0.20176458832 -0.124932720476 -0.00117390296663 -3.62974043458e-16 -2.13277736695e-16 -1.77860129482e-16 -1.1089943991e-16 -9.27705801928e-17 -6.51257092725e-17 -4.14461188987e-17 -1.5821764172e-17 -2.22824663287e-33 -1.92669388312e-50 -1.0453734926e-65 4.16094230591e-67 2.69671582608e-49 5.13603901129e-34 2.2553706418e-33 9.85313491382e-18 1.62490560593e-17 4.26015689637e-17 6.04700337974e-17 8.22934263848e-17 9.53821627966e-17 1.23405371738e-16 1.42289560158e-16 2.13496007214e-16 2.49240087531e-16 3.06525318165e-16 3.76604562907e-16 0.0880701155565 0.110161607598 0.176383936655 0.223989281265 0.314995085428 0.3876233439 0.424742392922 0.51139846599 0.578471685065 0.607090180458 0.650141537537 0.737216887403 0.835648686879 0.885351319848 1.0 1.0 1.0 1.0 1.0 1.0 1.0 1.0 1.0 1.0 1.12142512298 1.26175701564 1.34133956559 1.35746495475 1.405725782 1.42407823405 1.5426229431 1.60889136147 1.65651051987 1.70411832546 1.77837199429 1.81219445581 1.85340243567 1.88843814728 1.94107638333 2.0 2.0 2.02813187287 2.20084014727 2.25663478532 2.40412641053 2.5193964227 2.76696874475 2.80997909032 2.86997903003 2.93474624468 3.05734828709 3.50464046065 3.84462225899 

2016-08-24 22:41:34 Round: 76
-1.83152746477 -1.54421316791 -1.33145585966 -1.17181843129 -0.875398312622 -0.819114478001 -0.814226962541 -0.652181852551 -0.613969113704 -0.510501189083 -0.276276656645 -0.222998425854 -0.166341488155 -0.157614327391 -0.135375504867 -3.52047099089e-16 -2.03747833354e-16 -1.38526503121e-16 -1.31252015186e-16 -9.68129319236e-17 -8.56797701707e-17 -3.91797618048e-17 -1.54444912094e-17 -1.10191792188e-21 -7.0183104755e-33 -5.37893897906e-50 0.0 0.0 0.0 0.0 1.04627159207e-32 7.21408160638e-18 2.69113431122e-17 3.60438991448e-17 7.86132784728e-17 1.40439644977e-16 1.59460743534e-16 1.92983730707e-16 2.30932296908e-16 3.02008599903e-16 0.113065878607 0.11669889858 0.267999767487 0.279152782389 0.348292415826 0.452591966432 0.521983466815 0.569999062483 0.618377838091 0.649828571093 0.778415217264 0.888820287995 1.0 1.0 1.0 1.0 1.0 1.0 1.0 1.0 1.0 1.0 1.0 1.0 1.0 1.10845045809 1.17513129229 1.28211017565 1.39332118613 1.43723952301 1.54807662946 1.60970722009 1.68561452876 1.7015801118 1.74106608338 1.88327283789 2.0 2.07639063891 2.13931195689 2.16421539298 2.16987509461 2.22553318016 2.27626067035 2.51060548622 2.6305530602 2.65771371483 2.79569729045 2.81127441649 2.82441052352 3.09160274963 3.21426523995 3.53655344738 3.82795417288 

